shape_id,shape_pt_lat,shape_pt_lon,shape_pt_sequence,shape_dist_traveled
R2_cc_out, 38.351851, -81.635506, 1, 0.00
R2_cc_out, 38.351820, -81.635513, 2, 0.00
R2_cc_out, 38.352440, -81.634581, 3, 0.07
R2_cc_out, 38.351682, -81.633995, 4, 0.13
R2_cc_out, 38.350827, -81.633278, 5, 0.20
R2_cc_out, 38.349886, -81.632550, 6, 0.28
R2_cc_out, 38.348479, -81.630748, 7, 0.41
R2_cc_out, 38.347195, -81.629192, 8, 0.54
R2_cc_out, 38.347867, -81.628257, 9, 0.61
R2_cc_out, 38.346633, -81.626765, 10, 0.72
R2_cc_out, 38.345057, -81.624859, 11, 0.87
R2_cc_out, 38.344691, -81.624393, 12, 0.91
R2_cc_out, 38.344084, -81.623496, 13, 0.97
R2_cc_out, 38.343026, -81.621923, 14, 1.09
R2_cc_out, 38.342101, -81.619967, 15, 1.21
R2_cc_out, 38.340956, -81.617533, 16, 1.36
R2_cc_out, 38.340205, -81.616053, 17, 1.46
R2_cc_out, 38.339123, -81.614079, 18, 1.59
R2_cc_out, 38.338174, -81.614905, 19, 1.67
R2_cc_out, 38.337360, -81.615636, 20, 1.74
R2_cc_out, 38.336404, -81.616515, 21, 1.82
R2_cc_out, 38.335824, -81.614700, 22, 1.93
R2_cc_out, 38.335499, -81.613335, 23, 2.00
R2_cc_out, 38.335230, -81.611941, 24, 2.08
R2_cc_out, 38.335170, -81.611041, 25, 2.13
R2_cc_out, 38.335464, -81.610951, 26, 2.15
R2_cc_out, 38.337237, -81.610103, 27, 2.28
R2_cc_out, 38.336882, -81.608932, 28, 2.35
R2_cc_out, 38.336669, -81.608168, 29, 2.39
R2_cc_out, 38.336524, -81.607573, 30, 2.43
R2_cc_out, 38.336206, -81.606003, 31, 2.52
R2_cc_out, 38.335800, -81.603942, 32, 2.63
R2_cc_out, 38.335369, -81.601303, 33, 2.78
R2_cc_out, 38.335105, -81.599830, 34, 2.86
R2_cc_out, 38.334919, -81.598850, 35, 2.91
R2_cc_out, 38.334671, -81.598368, 36, 2.95
R2_cc_out, 38.334435, -81.598143, 37, 2.97
R2_cc_out, 38.333993, -81.597919, 38, 3.00
R2_cc_out, 38.333394, -81.597916, 39, 3.04
R2_cc_out, 38.331476, -81.598175, 40, 3.17
R2_cc_out, 38.330360, -81.598343, 41, 3.25
R2_cc_out, 38.328257, -81.598593, 42, 3.40
R2_cc_out, 38.328001, -81.595454, 43, 3.57
R2_cc_out, 38.327490, -81.593121, 44, 3.70
R2_cc_out, 38.327181, -81.591713, 45, 3.78
R2_cc_out, 38.325901, -81.589521, 46, 3.93
R2_cc_out, 38.324424, -81.586920, 47, 4.10
R2_cc_out, 38.322935, -81.584317, 48, 4.28
R2_cc_out, 38.321431, -81.581714, 49, 4.45
R2_cc_out, 38.319949, -81.579153, 50, 4.62
R2_cc_out, 38.318259, -81.576230, 51, 4.82
R2_cc_out, 38.316782, -81.573652, 52, 4.99
R2_cc_out, 38.315282, -81.571057, 53, 5.17
R2_cc_out, 38.313791, -81.568477, 54, 5.34
R2_cc_out, 38.312267, -81.565824, 55, 5.52
R2_cc_out, 38.311459, -81.564395, 56, 5.62
R2_cc_out, 38.311016, -81.563882, 57, 5.66
R2_cc_out, 38.310335, -81.563527, 58, 5.71
R2_cc_out, 38.309790, -81.563371, 59, 5.75
R2_cc_out, 38.309049, -81.563262, 60, 5.80
R2_cc_out, 38.306924, -81.563359, 61, 5.95
R2_cc_out, 38.306528, -81.563256, 62, 5.97
R2_cc_out, 38.305107, -81.563292, 63, 6.07
R2_cc_out, 38.303761, -81.563362, 64, 6.16
R2_cc_out, 38.302560, -81.563641, 65, 6.25
R2_cc_out, 38.301371, -81.564138, 66, 6.34
R2_cc_out, 38.298501, -81.565297, 67, 6.54
R2_cc_out, 38.296248, -81.566224, 68, 6.71
R2_cc_out, 38.294725, -81.566779, 69, 6.82
R2_cc_out, 38.291001, -81.568195, 70, 7.08
R2_cc_out, 38.288449, -81.569263, 71, 7.27
R2_cc_out, 38.286366, -81.570042, 72, 7.42
R2_cc_out, 38.280705, -81.572073, 73, 7.82
R2_cc_out, 38.278647, -81.572658, 74, 7.97
R2_cc_out, 38.274838, -81.573069, 75, 8.23
R2_cc_out, 38.269913, -81.573717, 76, 8.58
R2_cc_out, 38.266943, -81.574229, 77, 8.78
R2_cc_out, 38.265895, -81.574134, 78, 8.85
R2_cc_out, 38.262675, -81.574064, 79, 9.08
R2_cc_out, 38.261000, -81.573989, 80, 9.19
R2_cc_out, 38.259540, -81.574196, 81, 9.29
R2_cc_out, 38.258360, -81.573950, 82, 9.38
R2_cc_out, 38.256323, -81.573387, 83, 9.52
R2_cc_out, 38.254913, -81.572901, 84, 9.62
R2_cc_out, 38.253484, -81.572368, 85, 9.72
R2_cc_out, 38.252491, -81.571973, 86, 9.80
R2_cc_out, 38.251374, -81.571380, 87, 9.88
R2_cc_out, 38.249436, -81.570056, 88, 10.03
R2_cc_out, 38.247933, -81.569008, 89, 10.15
R2_cc_out, 38.245753, -81.567266, 90, 10.33
R2_cc_out, 38.245126, -81.566881, 91, 10.37
R2_cc_out, 38.244205, -81.566704, 92, 10.44
R2_cc_out, 38.242580, -81.565637, 93, 10.57
R2_cc_out, 38.242393, -81.565461, 94, 10.58
R2_cc_out, 38.242290, -81.565262, 95, 10.59
R2_cc_out, 38.242282, -81.564933, 96, 10.61
R2_cc_out, 38.242818, -81.563616, 97, 10.69
R2_cc_out, 38.243042, -81.562936, 98, 10.73
R2_cc_out, 38.243013, -81.562489, 99, 10.76
R2_cc_out, 38.242870, -81.562140, 100, 10.78
R2_cc_out, 38.242622, -81.561931, 101, 10.80
R2_cc_out, 38.242162, -81.561650, 102, 10.83
R2_cc_out, 38.241757, -81.561382, 103, 10.87
R2_cc_out, 38.241287, -81.560902, 104, 10.91
R2_cc_out, 38.240715, -81.559894, 105, 10.97
R2_cc_out, 38.240207, -81.559082, 106, 11.03
R2_cc_out, 38.239098, -81.557200, 107, 11.16
R2_cc_out, 38.237246, -81.554666, 108, 11.35
R2_cc_out, 38.235544, -81.552369, 109, 11.52
R2_cc_out, 38.232785, -81.548680, 110, 11.80
R2_cc_out, 38.230992, -81.546281, 111, 11.97
R2_cc_out, 38.228714, -81.543249, 112, 12.20
R2_cc_out, 38.226507, -81.540279, 113, 12.42
R2_cc_out, 38.223391, -81.536214, 114, 12.73
R2_cc_out, 38.220992, -81.532996, 115, 12.97
R2_cc_out, 38.218937, -81.530250, 116, 13.18
R2_cc_out, 38.218357, -81.529525, 117, 13.24
R2_cc_out, 38.216705, -81.527996, 118, 13.38
R2_cc_out, 38.214725, -81.526120, 119, 13.55
R2_cc_out, 38.213169, -81.524991, 120, 13.67
R2_cc_out, 38.211771, -81.523974, 121, 13.78
R2_cc_out, 38.211075, -81.523269, 122, 13.84
R2_cc_out, 38.209720, -81.521500, 123, 13.98
R2_cc_out, 38.208335, -81.519879, 124, 14.11
R2_cc_out, 38.206723, -81.518214, 125, 14.25
R2_cc_out, 38.203653, -81.515348, 126, 14.51
R2_cc_out, 38.202182, -81.513879, 127, 14.64
R2_cc_out, 38.200711, -81.512043, 128, 14.79
R2_cc_out, 38.198374, -81.508326, 129, 15.04
R2_cc_out, 38.197095, -81.506028, 130, 15.20
R2_cc_out, 38.196435, -81.504534, 131, 15.29
R2_cc_out, 38.196039, -81.503137, 132, 15.37
R2_cc_out, 38.195811, -81.501975, 133, 15.44
R2_cc_out, 38.195714, -81.500991, 134, 15.49
R2_cc_out, 38.195846, -81.499515, 135, 15.57
R2_cc_out, 38.195922, -81.498164, 136, 15.65
R2_cc_out, 38.195940, -81.497849, 137, 15.66
R2_cc_out, 38.195906, -81.497533, 138, 15.68
R2_cc_out, 38.195805, -81.497013, 139, 15.71
R2_cc_out, 38.195692, -81.496608, 140, 15.73
R2_cc_out, 38.195418, -81.495695, 141, 15.79
R2_cc_out, 38.195371, -81.494848, 142, 15.83
R2_cc_out, 38.195333, -81.493490, 143, 15.91
R2_cc_out, 38.195292, -81.492617, 144, 15.95
R2_cc_out, 38.195201, -81.491045, 145, 16.04
R2_cc_out, 38.195081, -81.487825, 146, 16.22
R2_cc_out, 38.195081, -81.486995, 147, 16.26
R2_cc_out, 38.195146, -81.486001, 148, 16.31
R2_cc_out, 38.195290, -81.484538, 149, 16.39
R2_cc_out, 38.195574, -81.482799, 150, 16.49
R2_cc_out, 38.195879, -81.481448, 151, 16.57
R2_cc_out, 38.196369, -81.480159, 152, 16.65
R2_cc_out, 38.196953, -81.479005, 153, 16.72
R2_cc_out, 38.197519, -81.477838, 154, 16.79
R2_cc_out, 38.198154, -81.476604, 155, 16.88
R2_cc_out, 38.198941, -81.475237, 156, 16.97
R2_cc_out, 38.199281, -81.475400, 157, 16.99
R2_cc_out, 38.199293, -81.474543, 158, 17.04
R2_cc_out, 38.198895, -81.475273, 159, 17.09
R2_cc_out, 38.198095, -81.476749, 160, 17.18
R2_cc_out, 38.197480, -81.477905, 161, 17.26
R2_cc_out, 38.196981, -81.478962, 162, 17.33
R2_cc_out, 38.196415, -81.480103, 163, 17.40
R2_cc_out, 38.195915, -81.481378, 164, 17.48
R2_cc_out, 38.195595, -81.482750, 165, 17.56
R2_cc_out, 38.195300, -81.484458, 166, 17.65
R2_cc_out, 38.195152, -81.485940, 167, 17.73
R2_cc_out, 38.195091, -81.486920, 168, 17.79
R2_cc_out, 38.195078, -81.487767, 169, 17.83
R2_cc_out, 38.195204, -81.491002, 170, 18.01
R2_cc_out, 38.195331, -81.492609, 171, 18.10
R2_cc_out, 38.195354, -81.493148, 172, 18.13
R2_cc_out, 38.195629, -81.493308, 173, 18.15
R2_cc_out, 38.195698, -81.493497, 174, 18.16
R2_cc_out, 38.195903, -81.495188, 175, 18.25
R2_cc_out, 38.196088, -81.496747, 176, 18.34
R2_cc_out, 38.197573, -81.496455, 177, 18.44
R2_cc_out, 38.199295, -81.496114, 178, 18.56
R2_cc_out, 38.200002, -81.495957, 179, 18.61
R2_cc_out, 38.200448, -81.497772, 180, 18.71
R2_cc_out, 38.200735, -81.498506, 181, 18.76
R2_cc_out, 38.201342, -81.499550, 182, 18.83
R2_cc_out, 38.202045, -81.500436, 183, 18.90
R2_cc_out, 38.202803, -81.501147, 184, 18.96
R2_cc_out, 38.203391, -81.501711, 185, 19.01
R2_cc_out, 38.204011, -81.502240, 186, 19.07
R2_cc_out, 38.203745, -81.502441, 187, 19.09
R2_cc_out, 38.203480, -81.502768, 188, 19.11
R2_cc_out, 38.203389, -81.503036, 189, 19.13
R2_cc_out, 38.203428, -81.503196, 190, 19.14
R2_cc_out, 38.204772, -81.505269, 191, 19.28
R2_cc_out, 38.206606, -81.507666, 192, 19.46
R2_cc_out, 38.208283, -81.509580, 193, 19.62
R2_cc_out, 38.209083, -81.510395, 194, 19.69
R2_cc_out, 38.209793, -81.511094, 195, 19.75
R2_cc_out, 38.210433, -81.511354, 196, 19.80
R2_cc_out, 38.210350, -81.511787, 197, 19.82
R2_cc_out, 38.210047, -81.512240, 198, 19.86
R2_cc_out, 38.209818, -81.512499, 199, 19.88
R2_cc_out, 38.209585, -81.512524, 200, 19.89
R2_cc_out, 38.209321, -81.512364, 201, 19.91
R2_cc_out, 38.208854, -81.512021, 202, 19.95
R2_cc_out, 38.208353, -81.511634, 203, 19.99
R2_cc_out, 38.207692, -81.510875, 204, 20.05
R2_cc_out, 38.206362, -81.509352, 205, 20.18
R2_cc_out, 38.205672, -81.508676, 206, 20.24
R2_cc_out, 38.204553, -81.507287, 207, 20.34
R2_cc_out, 38.204054, -81.506672, 208, 20.39
R2_cc_out, 38.203235, -81.505398, 209, 20.48
R2_cc_out, 38.202861, -81.504854, 210, 20.52
R2_cc_out, 38.202695, -81.504845, 211, 20.53
R2_cc_out, 38.202645, -81.504894, 212, 20.54
R2_cc_out, 38.203104, -81.505611, 213, 20.59
