shape_id,shape_pt_lat,shape_pt_lon,shape_pt_sequence,shape_dist_traveled
R23_in_Clendenin, 38.351860, -81.635703, 1, 0.00
R23_in_Clendenin, 38.352466, -81.634784, 2, 0.07
R23_in_Clendenin, 38.353390, -81.635560, 3, 0.14
R23_in_Clendenin, 38.354646, -81.636888, 4, 0.25
R23_in_Clendenin, 38.355504, -81.638064, 5, 0.34
R23_in_Clendenin, 38.355948, -81.638760, 6, 0.39
R23_in_Clendenin, 38.356894, -81.640274, 7, 0.49
R23_in_Clendenin, 38.357192, -81.640586, 8, 0.52
R23_in_Clendenin, 38.358278, -81.641166, 9, 0.60
R23_in_Clendenin, 38.359292, -81.641727, 10, 0.68
R23_in_Clendenin, 38.359780, -81.640760, 11, 0.74
R23_in_Clendenin, 38.360222, -81.639516, 12, 0.82
R23_in_Clendenin, 38.360636, -81.638140, 13, 0.90
R23_in_Clendenin, 38.360640, -81.636730, 14, 0.97
R23_in_Clendenin, 38.360644, -81.634854, 15, 1.07
R23_in_Clendenin, 38.360624, -81.633598, 16, 1.14
R23_in_Clendenin, 38.360594, -81.632694, 17, 1.19
R23_in_Clendenin, 38.360748, -81.631711, 18, 1.25
R23_in_Clendenin, 38.360840, -81.631385, 19, 1.26
R23_in_Clendenin, 38.360768, -81.631203, 20, 1.28
R23_in_Clendenin, 38.360422, -81.630707, 21, 1.31
R23_in_Clendenin, 38.360044, -81.630278, 22, 1.35
R23_in_Clendenin, 38.359940, -81.629953, 23, 1.37
R23_in_Clendenin, 38.360014, -81.629621, 24, 1.38
R23_in_Clendenin, 38.360472, -81.628550, 25, 1.45
R23_in_Clendenin, 38.360810, -81.627593, 26, 1.51
R23_in_Clendenin, 38.360756, -81.624783, 27, 1.66
R23_in_Clendenin, 38.360776, -81.624337, 28, 1.68
R23_in_Clendenin, 38.361299, -81.623173, 29, 1.76
R23_in_Clendenin, 38.361370, -81.622977, 30, 1.77
R23_in_Clendenin, 38.361616, -81.621279, 31, 1.86
R23_in_Clendenin, 38.363044, -81.617239, 32, 2.10
R23_in_Clendenin, 38.364340, -81.613290, 33, 2.34
R23_in_Clendenin, 38.365800, -81.612026, 34, 2.46
R23_in_Clendenin, 38.366678, -81.611092, 35, 2.54
R23_in_Clendenin, 38.367768, -81.609975, 36, 2.63
R23_in_Clendenin, 38.368750, -81.609143, 37, 2.71
R23_in_Clendenin, 38.369954, -81.608269, 38, 2.81
R23_in_Clendenin, 38.372345, -81.606766, 39, 2.99
R23_in_Clendenin, 38.374328, -81.605500, 40, 3.15
R23_in_Clendenin, 38.375782, -81.604513, 41, 3.26
R23_in_Clendenin, 38.377650, -81.602975, 42, 3.41
R23_in_Clendenin, 38.380010, -81.601124, 43, 3.61
R23_in_Clendenin, 38.381280, -81.599675, 44, 3.72
R23_in_Clendenin, 38.382280, -81.598057, 45, 3.84
R23_in_Clendenin, 38.382884, -81.596661, 46, 3.92
R23_in_Clendenin, 38.383566, -81.594803, 47, 4.03
R23_in_Clendenin, 38.383840, -81.594295, 48, 4.07
R23_in_Clendenin, 38.384434, -81.593886, 49, 4.11
R23_in_Clendenin, 38.384978, -81.593702, 50, 4.15
R23_in_Clendenin, 38.385714, -81.593689, 51, 4.20
R23_in_Clendenin, 38.386666, -81.594106, 52, 4.27
R23_in_Clendenin, 38.387564, -81.594146, 53, 4.33
R23_in_Clendenin, 38.388130, -81.593975, 54, 4.37
R23_in_Clendenin, 38.389406, -81.593301, 55, 4.47
R23_in_Clendenin, 38.389984, -81.592967, 56, 4.51
R23_in_Clendenin, 38.390986, -81.592746, 57, 4.58
R23_in_Clendenin, 38.391294, -81.592480, 58, 4.61
R23_in_Clendenin, 38.392038, -81.591251, 59, 4.69
R23_in_Clendenin, 38.392962, -81.589718, 60, 4.80
R23_in_Clendenin, 38.393728, -81.588453, 61, 4.88
R23_in_Clendenin, 38.394146, -81.587757, 62, 4.93
R23_in_Clendenin, 38.394790, -81.587156, 63, 4.99
R23_in_Clendenin, 38.396614, -81.585757, 64, 5.13
R23_in_Clendenin, 38.397960, -81.584754, 65, 5.24
R23_in_Clendenin, 38.398838, -81.584149, 66, 5.31
R23_in_Clendenin, 38.399368, -81.583718, 67, 5.35
R23_in_Clendenin, 38.399848, -81.583144, 68, 5.40
R23_in_Clendenin, 38.400164, -81.582518, 69, 5.44
R23_in_Clendenin, 38.400388, -81.581868, 70, 5.48
R23_in_Clendenin, 38.400480, -81.581060, 71, 5.52
R23_in_Clendenin, 38.400480, -81.579406, 72, 5.61
R23_in_Clendenin, 38.400540, -81.577428, 73, 5.72
R23_in_Clendenin, 38.400588, -81.575971, 74, 5.80
R23_in_Clendenin, 38.400506, -81.575243, 75, 5.84
R23_in_Clendenin, 38.399944, -81.573690, 76, 5.93
R23_in_Clendenin, 38.398994, -81.571825, 77, 6.05
R23_in_Clendenin, 38.398142, -81.570430, 78, 6.15
R23_in_Clendenin, 38.397264, -81.568747, 79, 6.26
R23_in_Clendenin, 38.396544, -81.567445, 80, 6.34
R23_in_Clendenin, 38.396330, -81.566544, 81, 6.40
R23_in_Clendenin, 38.396188, -81.565313, 82, 6.46
R23_in_Clendenin, 38.396176, -81.563078, 83, 6.58
R23_in_Clendenin, 38.396278, -81.561608, 84, 6.66
R23_in_Clendenin, 38.397066, -81.559166, 85, 6.81
R23_in_Clendenin, 38.397904, -81.557375, 86, 6.92
R23_in_Clendenin, 38.398800, -81.556023, 87, 7.02
R23_in_Clendenin, 38.399834, -81.554342, 88, 7.13
R23_in_Clendenin, 38.400412, -81.553409, 89, 7.20
R23_in_Clendenin, 38.401050, -81.552050, 90, 7.28
R23_in_Clendenin, 38.401684, -81.550768, 91, 7.37
R23_in_Clendenin, 38.402822, -81.549731, 92, 7.46
R23_in_Clendenin, 38.404046, -81.548687, 93, 7.56
R23_in_Clendenin, 38.404758, -81.547788, 94, 7.63
R23_in_Clendenin, 38.405034, -81.547111, 95, 7.67
R23_in_Clendenin, 38.405462, -81.546003, 96, 7.74
R23_in_Clendenin, 38.405810, -81.544836, 97, 7.81
R23_in_Clendenin, 38.406112, -81.543415, 98, 7.89
R23_in_Clendenin, 38.406252, -81.541038, 99, 8.02
R23_in_Clendenin, 38.406214, -81.540871, 100, 8.03
R23_in_Clendenin, 38.406250, -81.539460, 101, 8.10
R23_in_Clendenin, 38.405858, -81.538141, 102, 8.18
R23_in_Clendenin, 38.405666, -81.536901, 103, 8.25
R23_in_Clendenin, 38.405571, -81.535146, 104, 8.34
R23_in_Clendenin, 38.405366, -81.533263, 105, 8.45
R23_in_Clendenin, 38.405532, -81.530634, 106, 8.59
R23_in_Clendenin, 38.405788, -81.528996, 107, 8.68
R23_in_Clendenin, 38.406288, -81.526972, 108, 8.80
R23_in_Clendenin, 38.406702, -81.525524, 109, 8.88
R23_in_Clendenin, 38.407258, -81.524186, 110, 8.96
R23_in_Clendenin, 38.408372, -81.521787, 111, 9.11
R23_in_Clendenin, 38.408462, -81.521161, 112, 9.15
R23_in_Clendenin, 38.408482, -81.520118, 113, 9.20
R23_in_Clendenin, 38.408564, -81.519399, 114, 9.24
R23_in_Clendenin, 38.408748, -81.518408, 115, 9.30
R23_in_Clendenin, 38.409022, -81.516924, 116, 9.38
R23_in_Clendenin, 38.409140, -81.514366, 117, 9.52
R23_in_Clendenin, 38.409148, -81.512857, 118, 9.60
R23_in_Clendenin, 38.409512, -81.510077, 119, 9.76
R23_in_Clendenin, 38.409960, -81.508608, 120, 9.84
R23_in_Clendenin, 38.410592, -81.507196, 121, 9.93
R23_in_Clendenin, 38.412549, -81.503048, 122, 10.19
R23_in_Clendenin, 38.413326, -81.501262, 123, 10.30
R23_in_Clendenin, 38.414228, -81.498801, 124, 10.45
R23_in_Clendenin, 38.414858, -81.497109, 125, 10.55
R23_in_Clendenin, 38.415592, -81.495752, 126, 10.64
R23_in_Clendenin, 38.416302, -81.494988, 127, 10.71
R23_in_Clendenin, 38.418648, -81.493831, 128, 10.88
R23_in_Clendenin, 38.421810, -81.492227, 129, 11.11
R23_in_Clendenin, 38.424652, -81.490829, 130, 11.32
R23_in_Clendenin, 38.426920, -81.489740, 131, 11.49
R23_in_Clendenin, 38.427920, -81.489373, 132, 11.56
R23_in_Clendenin, 38.428746, -81.489305, 133, 11.62
R23_in_Clendenin, 38.431162, -81.489353, 134, 11.79
R23_in_Clendenin, 38.435746, -81.489551, 135, 12.10
R23_in_Clendenin, 38.437071, -81.489496, 136, 12.19
R23_in_Clendenin, 38.437694, -81.489249, 137, 12.24
R23_in_Clendenin, 38.438142, -81.488883, 138, 12.28
R23_in_Clendenin, 38.438896, -81.488153, 139, 12.34
R23_in_Clendenin, 38.439992, -81.487089, 140, 12.44
R23_in_Clendenin, 38.440856, -81.485965, 141, 12.52
R23_in_Clendenin, 38.442140, -81.484143, 142, 12.65
R23_in_Clendenin, 38.442558, -81.483030, 143, 12.72
R23_in_Clendenin, 38.442684, -81.482303, 144, 12.76
R23_in_Clendenin, 38.442676, -81.481602, 145, 12.80
R23_in_Clendenin, 38.442692, -81.480981, 146, 12.83
R23_in_Clendenin, 38.442754, -81.480682, 147, 12.85
R23_in_Clendenin, 38.442878, -81.480498, 148, 12.86
R23_in_Clendenin, 38.443042, -81.480401, 149, 12.88
R23_in_Clendenin, 38.443670, -81.480645, 150, 12.92
R23_in_Clendenin, 38.444152, -81.480850, 151, 12.96
R23_in_Clendenin, 38.444618, -81.480987, 152, 12.99
R23_in_Clendenin, 38.445394, -81.481123, 153, 13.04
R23_in_Clendenin, 38.446078, -81.481211, 154, 13.09
R23_in_Clendenin, 38.446616, -81.481483, 155, 13.13
R23_in_Clendenin, 38.447032, -81.481793, 156, 13.16
R23_in_Clendenin, 38.447396, -81.482180, 157, 13.20
R23_in_Clendenin, 38.447808, -81.482772, 158, 13.24
R23_in_Clendenin, 38.448110, -81.483400, 159, 13.28
R23_in_Clendenin, 38.448308, -81.484006, 160, 13.32
R23_in_Clendenin, 38.448554, -81.485657, 161, 13.41
R23_in_Clendenin, 38.448828, -81.487211, 162, 13.49
R23_in_Clendenin, 38.449006, -81.487866, 163, 13.53
R23_in_Clendenin, 38.449308, -81.488553, 164, 13.57
R23_in_Clendenin, 38.449770, -81.489234, 165, 13.62
R23_in_Clendenin, 38.450424, -81.489844, 166, 13.68
R23_in_Clendenin, 38.451548, -81.490924, 167, 13.78
R23_in_Clendenin, 38.452542, -81.491970, 168, 13.86
R23_in_Clendenin, 38.453494, -81.492567, 169, 13.94
R23_in_Clendenin, 38.454398, -81.493040, 170, 14.00
R23_in_Clendenin, 38.454922, -81.493466, 171, 14.05
R23_in_Clendenin, 38.455362, -81.493943, 172, 14.09
R23_in_Clendenin, 38.455692, -81.494490, 173, 14.12
R23_in_Clendenin, 38.456016, -81.495138, 174, 14.17
R23_in_Clendenin, 38.456374, -81.495890, 175, 14.21
R23_in_Clendenin, 38.456748, -81.496536, 176, 14.26
R23_in_Clendenin, 38.457082, -81.496875, 177, 14.29
R23_in_Clendenin, 38.457406, -81.497098, 178, 14.31
R23_in_Clendenin, 38.457202, -81.497463, 179, 14.34
R23_in_Clendenin, 38.456794, -81.497827, 180, 14.37
R23_in_Clendenin, 38.457096, -81.498667, 181, 14.42
R23_in_Clendenin, 38.457366, -81.499053, 182, 14.45
R23_in_Clendenin, 38.457538, -81.499222, 183, 14.46
R23_in_Clendenin, 38.457824, -81.499171, 184, 14.48
R23_in_Clendenin, 38.458258, -81.498776, 185, 14.52
R23_in_Clendenin, 38.458756, -81.498174, 186, 14.57
R23_in_Clendenin, 38.458868, -81.498136, 187, 14.58
R23_in_Clendenin, 38.459381, -81.498646, 188, 14.62
R23_in_Clendenin, 38.458174, -81.500110, 189, 14.74
R23_in_Clendenin, 38.457426, -81.499204, 190, 14.81
R23_in_Clendenin, 38.457194, -81.498932, 191, 14.83
R23_in_Clendenin, 38.456840, -81.498070, 192, 14.88
R23_in_Clendenin, 38.456742, -81.497837, 193, 14.90
R23_in_Clendenin, 38.457088, -81.497539, 194, 14.93
R23_in_Clendenin, 38.457278, -81.497377, 195, 14.94
R23_in_Clendenin, 38.457354, -81.497088, 196, 14.96
R23_in_Clendenin, 38.456990, -81.496807, 197, 14.99
R23_in_Clendenin, 38.456688, -81.496459, 198, 15.02
R23_in_Clendenin, 38.456322, -81.495755, 199, 15.06
R23_in_Clendenin, 38.455724, -81.494569, 200, 15.14
R23_in_Clendenin, 38.455420, -81.494045, 201, 15.17
R23_in_Clendenin, 38.454950, -81.493530, 202, 15.22
R23_in_Clendenin, 38.454456, -81.493094, 203, 15.26
R23_in_Clendenin, 38.453958, -81.492812, 204, 15.29
R23_in_Clendenin, 38.453332, -81.492490, 205, 15.34
R23_in_Clendenin, 38.452720, -81.492089, 206, 15.39
R23_in_Clendenin, 38.452326, -81.491788, 207, 15.42
R23_in_Clendenin, 38.451684, -81.491059, 208, 15.48
R23_in_Clendenin, 38.450840, -81.490293, 209, 15.55
R23_in_Clendenin, 38.450042, -81.489481, 210, 15.62
R23_in_Clendenin, 38.449633, -81.489046, 211, 15.66
R23_in_Clendenin, 38.449244, -81.488427, 212, 15.70
R23_in_Clendenin, 38.448956, -81.487683, 213, 15.75
R23_in_Clendenin, 38.448723, -81.486639, 214, 15.81
R23_in_Clendenin, 38.448516, -81.485509, 215, 15.87
R23_in_Clendenin, 38.448324, -81.484233, 216, 15.94
R23_in_Clendenin, 38.448272, -81.483893, 217, 15.96
R23_in_Clendenin, 38.447910, -81.482986, 218, 16.01
R23_in_Clendenin, 38.447656, -81.482545, 219, 16.04
R23_in_Clendenin, 38.447278, -81.482090, 220, 16.08
R23_in_Clendenin, 38.446862, -81.481645, 221, 16.12
R23_in_Clendenin, 38.446482, -81.481413, 222, 16.14
R23_in_Clendenin, 38.446018, -81.481229, 223, 16.18
R23_in_Clendenin, 38.445508, -81.481132, 224, 16.21
R23_in_Clendenin, 38.444920, -81.481036, 225, 16.25
R23_in_Clendenin, 38.444240, -81.480880, 226, 16.30
R23_in_Clendenin, 38.443788, -81.480715, 227, 16.33
R23_in_Clendenin, 38.443268, -81.480451, 228, 16.37
R23_in_Clendenin, 38.443030, -81.480362, 229, 16.39
R23_in_Clendenin, 38.442988, -81.480262, 230, 16.40
R23_in_Clendenin, 38.442964, -81.479871, 231, 16.42
R23_in_Clendenin, 38.443062, -81.479535, 232, 16.44
R23_in_Clendenin, 38.443334, -81.478494, 233, 16.50
R23_in_Clendenin, 38.443618, -81.477503, 234, 16.55
R23_in_Clendenin, 38.443762, -81.476656, 235, 16.60
R23_in_Clendenin, 38.444308, -81.473428, 236, 16.78
R23_in_Clendenin, 38.444720, -81.471230, 237, 16.90
R23_in_Clendenin, 38.445030, -81.469584, 238, 16.99
R23_in_Clendenin, 38.445224, -81.468299, 239, 17.07
R23_in_Clendenin, 38.445470, -81.467149, 240, 17.13
R23_in_Clendenin, 38.445776, -81.466339, 241, 17.18
R23_in_Clendenin, 38.446082, -81.465622, 242, 17.22
R23_in_Clendenin, 38.446948, -81.464123, 243, 17.32
R23_in_Clendenin, 38.447998, -81.462438, 244, 17.44
R23_in_Clendenin, 38.448974, -81.460800, 245, 17.55
R23_in_Clendenin, 38.449724, -81.459508, 246, 17.64
R23_in_Clendenin, 38.450260, -81.458475, 247, 17.71
R23_in_Clendenin, 38.450760, -81.457683, 248, 17.76
R23_in_Clendenin, 38.451286, -81.456796, 249, 17.82
R23_in_Clendenin, 38.452396, -81.455563, 250, 17.92
R23_in_Clendenin, 38.453692, -81.454300, 251, 18.04
R23_in_Clendenin, 38.455496, -81.452501, 252, 18.19
R23_in_Clendenin, 38.458982, -81.450488, 253, 18.46
R23_in_Clendenin, 38.460434, -81.449414, 254, 18.57
R23_in_Clendenin, 38.461744, -81.448443, 255, 18.68
R23_in_Clendenin, 38.462734, -81.447688, 256, 18.76
R23_in_Clendenin, 38.463454, -81.447136, 257, 18.82
R23_in_Clendenin, 38.463892, -81.446531, 258, 18.86
R23_in_Clendenin, 38.464150, -81.446089, 259, 18.89
R23_in_Clendenin, 38.464566, -81.445277, 260, 18.94
R23_in_Clendenin, 38.464890, -81.444635, 261, 18.98
R23_in_Clendenin, 38.465570, -81.442998, 262, 19.09
R23_in_Clendenin, 38.466110, -81.441835, 263, 19.16
R23_in_Clendenin, 38.466592, -81.440092, 264, 19.26
R23_in_Clendenin, 38.466784, -81.438595, 265, 19.34
R23_in_Clendenin, 38.466844, -81.437317, 266, 19.41
R23_in_Clendenin, 38.466694, -81.435995, 267, 19.48
R23_in_Clendenin, 38.466374, -81.434146, 268, 19.59
R23_in_Clendenin, 38.465800, -81.432124, 269, 19.70
R23_in_Clendenin, 38.465364, -81.430852, 270, 19.78
R23_in_Clendenin, 38.464130, -81.428776, 271, 19.92
R23_in_Clendenin, 38.463232, -81.427582, 272, 20.01
R23_in_Clendenin, 38.462230, -81.426253, 273, 20.11
R23_in_Clendenin, 38.461438, -81.425340, 274, 20.18
R23_in_Clendenin, 38.460654, -81.424075, 275, 20.27
R23_in_Clendenin, 38.459902, -81.422786, 276, 20.36
R23_in_Clendenin, 38.459576, -81.421385, 277, 20.44
R23_in_Clendenin, 38.459518, -81.420099, 278, 20.51
R23_in_Clendenin, 38.459958, -81.418006, 279, 20.62
R23_in_Clendenin, 38.460596, -81.415496, 280, 20.77
R23_in_Clendenin, 38.461406, -81.413067, 281, 20.91
R23_in_Clendenin, 38.462056, -81.410657, 282, 21.05
R23_in_Clendenin, 38.462970, -81.407866, 283, 21.21
R23_in_Clendenin, 38.463642, -81.406380, 284, 21.30
R23_in_Clendenin, 38.464456, -81.405046, 285, 21.40
R23_in_Clendenin, 38.466659, -81.403452, 286, 21.57
R23_in_Clendenin, 38.468872, -81.401733, 287, 21.75
R23_in_Clendenin, 38.471476, -81.399843, 288, 21.96
R23_in_Clendenin, 38.472262, -81.399195, 289, 22.02
R23_in_Clendenin, 38.473172, -81.397166, 290, 22.15
R23_in_Clendenin, 38.473818, -81.395439, 291, 22.25
R23_in_Clendenin, 38.474406, -81.392587, 292, 22.41
R23_in_Clendenin, 38.474786, -81.389926, 293, 22.56
R23_in_Clendenin, 38.475108, -81.386629, 294, 22.74
R23_in_Clendenin, 38.475290, -81.382755, 295, 22.95
R23_in_Clendenin, 38.475464, -81.379571, 296, 23.12
R23_in_Clendenin, 38.475728, -81.377436, 297, 23.24
R23_in_Clendenin, 38.476314, -81.375489, 298, 23.35
R23_in_Clendenin, 38.477252, -81.373801, 299, 23.46
R23_in_Clendenin, 38.478896, -81.371030, 300, 23.65
R23_in_Clendenin, 38.480308, -81.368917, 301, 23.80
R23_in_Clendenin, 38.481510, -81.367218, 302, 23.93
R23_in_Clendenin, 38.482326, -81.365791, 303, 24.02
R23_in_Clendenin, 38.483118, -81.364327, 304, 24.12
R23_in_Clendenin, 38.483578, -81.362964, 305, 24.20
R23_in_Clendenin, 38.484436, -81.360980, 306, 24.32
R23_in_Clendenin, 38.485058, -81.359306, 307, 24.42
R23_in_Clendenin, 38.485702, -81.357981, 308, 24.51
R23_in_Clendenin, 38.486904, -81.356299, 309, 24.63
R23_in_Clendenin, 38.488141, -81.354418, 310, 24.76
R23_in_Clendenin, 38.488483, -81.353841, 311, 24.80
R23_in_Clendenin, 38.488712, -81.353394, 312, 24.83
R23_in_Clendenin, 38.487964, -81.352940, 313, 24.89
R23_in_Clendenin, 38.487356, -81.352546, 314, 24.93
R23_in_Clendenin, 38.487208, -81.352406, 315, 24.95
R23_in_Clendenin, 38.487214, -81.352199, 316, 24.96
R23_in_Clendenin, 38.487434, -81.351541, 317, 25.00
R23_in_Clendenin, 38.487898, -81.350454, 318, 25.06
R23_in_Clendenin, 38.488284, -81.349819, 319, 25.11
R23_in_Clendenin, 38.488482, -81.349342, 320, 25.14
R23_in_Clendenin, 38.488798, -81.348279, 321, 25.20
R23_in_Clendenin, 38.488766, -81.347994, 322, 25.21
R23_in_Clendenin, 38.488851, -81.347516, 323, 25.24
R23_in_Clendenin, 38.488967, -81.347065, 324, 25.27
R23_in_Clendenin, 38.489283, -81.347192, 325, 25.29
R23_in_Clendenin, 38.489840, -81.344837, 326, 25.42
R23_in_Clendenin, 38.489358, -81.344659, 327, 25.46
R23_in_Clendenin, 38.489092, -81.346276, 328, 25.55
