shape_id,shape_pt_lat,shape_pt_lon,shape_pt_sequence,shape_dist_traveled
R1_loop, 39.152940, -80.039450, 1, 0.00
R1_loop, 39.152450, -80.039930, 2, 0.04
R1_loop, 39.151930, -80.039120, 3, 0.10
R1_loop, 39.151530, -80.038410, 4, 0.15
R1_loop, 39.151280, -80.038020, 5, 0.17
R1_loop, 39.151130, -80.037710, 6, 0.19
R1_loop, 39.150790, -80.037120, 7, 0.23
R1_loop, 39.150110, -80.036930, 8, 0.28
R1_loop, 39.149480, -80.036730, 9, 0.32
R1_loop, 39.149200, -80.036680, 10, 0.34
R1_loop, 39.148790, -80.036550, 11, 0.37
R1_loop, 39.148410, -80.038550, 12, 0.48
R1_loop, 39.147880, -80.038690, 13, 0.52
R1_loop, 39.147690, -80.038740, 14, 0.53
R1_loop, 39.147670, -80.038640, 15, 0.54
R1_loop, 39.147650, -80.038400, 16, 0.55
R1_loop, 39.147660, -80.038240, 17, 0.56
R1_loop, 39.147690, -80.037860, 18, 0.58
R1_loop, 39.147710, -80.037480, 19, 0.60
R1_loop, 39.147700, -80.037480, 20, 0.60
R1_loop, 39.147290, -80.037350, 21, 0.63
R1_loop, 39.146530, -80.037190, 22, 0.69
R1_loop, 39.146670, -80.036360, 23, 0.73
R1_loop, 39.146710, -80.035940, 24, 0.75
R1_loop, 39.146770, -80.035470, 25, 0.78
R1_loop, 39.146590, -80.035300, 26, 0.80
R1_loop, 39.146200, -80.034910, 27, 0.83
R1_loop, 39.145840, -80.034550, 28, 0.86
R1_loop, 39.145100, -80.033700, 29, 0.93
R1_loop, 39.144190, -80.032670, 30, 1.01
R1_loop, 39.143620, -80.032030, 31, 1.07
R1_loop, 39.143400, -80.031820, 32, 1.08
R1_loop, 39.142440, -80.031120, 33, 1.16
R1_loop, 39.141990, -80.030790, 34, 1.20
R1_loop, 39.141900, -80.030710, 35, 1.20
R1_loop, 39.141840, -80.030650, 36, 1.21
R1_loop, 39.141780, -80.030580, 37, 1.21
R1_loop, 39.141720, -80.030500, 38, 1.22
R1_loop, 39.141540, -80.030260, 39, 1.24
R1_loop, 39.141480, -80.030150, 40, 1.25
R1_loop, 39.140980, -80.029170, 41, 1.31
R1_loop, 39.140630, -80.028470, 42, 1.35
R1_loop, 39.140490, -80.028200, 43, 1.37
R1_loop, 39.140360, -80.027990, 44, 1.38
R1_loop, 39.140160, -80.027710, 45, 1.41
R1_loop, 39.140070, -80.027560, 46, 1.42
R1_loop, 39.139840, -80.027250, 47, 1.44
R1_loop, 39.139550, -80.026850, 48, 1.47
R1_loop, 39.139220, -80.026420, 49, 1.50
R1_loop, 39.138630, -80.025580, 50, 1.56
R1_loop, 39.137900, -80.024520, 51, 1.64
R1_loop, 39.137640, -80.024130, 52, 1.66
R1_loop, 39.137460, -80.023850, 53, 1.68
R1_loop, 39.137380, -80.023680, 54, 1.69
R1_loop, 39.137290, -80.023500, 55, 1.71
R1_loop, 39.137100, -80.023060, 56, 1.73
R1_loop, 39.136810, -80.022270, 57, 1.78
R1_loop, 39.136340, -80.021120, 58, 1.85
R1_loop, 39.135870, -80.020030, 59, 1.92
R1_loop, 39.135500, -80.019210, 60, 1.97
R1_loop, 39.135270, -80.018700, 61, 2.00
R1_loop, 39.135050, -80.018290, 62, 2.03
R1_loop, 39.134790, -80.017840, 63, 2.06
R1_loop, 39.134550, -80.017410, 64, 2.08
R1_loop, 39.134290, -80.016950, 65, 2.12
R1_loop, 39.134120, -80.016680, 66, 2.13
R1_loop, 39.133800, -80.016160, 67, 2.17
R1_loop, 39.133550, -80.015770, 68, 2.20
R1_loop, 39.133410, -80.015910, 69, 2.21
R1_loop, 39.133160, -80.016190, 70, 2.23
R1_loop, 39.133090, -80.016250, 71, 2.24
R1_loop, 39.133050, -80.016280, 72, 2.24
R1_loop, 39.133010, -80.016310, 73, 2.24
R1_loop, 39.132970, -80.016320, 74, 2.25
R1_loop, 39.132940, -80.016350, 75, 2.25
R1_loop, 39.132860, -80.016480, 76, 2.26
R1_loop, 39.132720, -80.016660, 77, 2.27
R1_loop, 39.132670, -80.016700, 78, 2.28
R1_loop, 39.132640, -80.016710, 79, 2.28
R1_loop, 39.132620, -80.016710, 80, 2.28
R1_loop, 39.132590, -80.016700, 81, 2.28
R1_loop, 39.132570, -80.016670, 82, 2.28
R1_loop, 39.132540, -80.016630, 83, 2.29
R1_loop, 39.132520, -80.016560, 84, 2.29
R1_loop, 39.132520, -80.016520, 85, 2.29
R1_loop, 39.132530, -80.016480, 86, 2.30
R1_loop, 39.132580, -80.016400, 87, 2.30
R1_loop, 39.132680, -80.016280, 88, 2.31
R1_loop, 39.132580, -80.016400, 89, 2.32
R1_loop, 39.132530, -80.016480, 90, 2.33
R1_loop, 39.132520, -80.016520, 91, 2.33
R1_loop, 39.132520, -80.016560, 92, 2.33
R1_loop, 39.132540, -80.016630, 93, 2.33
R1_loop, 39.132570, -80.016670, 94, 2.34
R1_loop, 39.132590, -80.016700, 95, 2.34
R1_loop, 39.132620, -80.016710, 96, 2.34
R1_loop, 39.132640, -80.016710, 97, 2.34
R1_loop, 39.132670, -80.016700, 98, 2.34
R1_loop, 39.132720, -80.016660, 99, 2.35
R1_loop, 39.132860, -80.016480, 100, 2.36
R1_loop, 39.132940, -80.016350, 101, 2.37
R1_loop, 39.132970, -80.016320, 102, 2.37
R1_loop, 39.133010, -80.016310, 103, 2.38
R1_loop, 39.133050, -80.016280, 104, 2.38
R1_loop, 39.133090, -80.016250, 105, 2.38
R1_loop, 39.133160, -80.016190, 106, 2.39
R1_loop, 39.133410, -80.015910, 107, 2.41
R1_loop, 39.133550, -80.015770, 108, 2.42
R1_loop, 39.133770, -80.015770, 109, 2.44
R1_loop, 39.133930, -80.015800, 110, 2.45
R1_loop, 39.134200, -80.015940, 111, 2.47
R1_loop, 39.134430, -80.016120, 112, 2.49
R1_loop, 39.134620, -80.016320, 113, 2.51
R1_loop, 39.134840, -80.016580, 114, 2.53
R1_loop, 39.135040, -80.016830, 115, 2.55
R1_loop, 39.135220, -80.017080, 116, 2.56
R1_loop, 39.135390, -80.017300, 117, 2.58
R1_loop, 39.135540, -80.017520, 118, 2.60
R1_loop, 39.135640, -80.017610, 119, 2.60
R1_loop, 39.135950, -80.017940, 120, 2.63
R1_loop, 39.136190, -80.018160, 121, 2.65
R1_loop, 39.136440, -80.018700, 122, 2.69
R1_loop, 39.136570, -80.018920, 123, 2.70
R1_loop, 39.136660, -80.019150, 124, 2.72
R1_loop, 39.136750, -80.019430, 125, 2.73
R1_loop, 39.136770, -80.019630, 126, 2.74
R1_loop, 39.136780, -80.019970, 127, 2.76
R1_loop, 39.136780, -80.020420, 128, 2.78
R1_loop, 39.136800, -80.020760, 129, 2.80
R1_loop, 39.136850, -80.021040, 130, 2.82
R1_loop, 39.136900, -80.021220, 131, 2.83
R1_loop, 39.137090, -80.021730, 132, 2.86
R1_loop, 39.137360, -80.022370, 133, 2.90
R1_loop, 39.137560, -80.022890, 134, 2.93
R1_loop, 39.137750, -80.023220, 135, 2.95
R1_loop, 39.137940, -80.023480, 136, 2.97
R1_loop, 39.138090, -80.023650, 137, 2.98
R1_loop, 39.138250, -80.023810, 138, 3.00
R1_loop, 39.138460, -80.023990, 139, 3.02
R1_loop, 39.138710, -80.024170, 140, 3.04
R1_loop, 39.138860, -80.024280, 141, 3.05
R1_loop, 39.139000, -80.024380, 142, 3.06
R1_loop, 39.139170, -80.024520, 143, 3.07
R1_loop, 39.139320, -80.024640, 144, 3.08
R1_loop, 39.139420, -80.024740, 145, 3.09
R1_loop, 39.139530, -80.024880, 146, 3.10
R1_loop, 39.139600, -80.024990, 147, 3.11
R1_loop, 39.139690, -80.025130, 148, 3.12
R1_loop, 39.139740, -80.025240, 149, 3.13
R1_loop, 39.139800, -80.025420, 150, 3.14
R1_loop, 39.140150, -80.026370, 151, 3.20
R1_loop, 39.140190, -80.026530, 152, 3.20
R1_loop, 39.140220, -80.026670, 153, 3.21
R1_loop, 39.140240, -80.026830, 154, 3.22
R1_loop, 39.140280, -80.027000, 155, 3.23
R1_loop, 39.140310, -80.027150, 156, 3.24
R1_loop, 39.140320, -80.027300, 157, 3.25
R1_loop, 39.140310, -80.027420, 158, 3.25
R1_loop, 39.140270, -80.027530, 159, 3.26
R1_loop, 39.140160, -80.027710, 160, 3.27
R1_loop, 39.140360, -80.027990, 161, 3.29
R1_loop, 39.140490, -80.028200, 162, 3.31
R1_loop, 39.140630, -80.028470, 163, 3.32
R1_loop, 39.140980, -80.029170, 164, 3.37
R1_loop, 39.141480, -80.030150, 165, 3.43
R1_loop, 39.141540, -80.030260, 166, 3.44
R1_loop, 39.141720, -80.030500, 167, 3.46
R1_loop, 39.141780, -80.030580, 168, 3.46
R1_loop, 39.141840, -80.030650, 169, 3.47
R1_loop, 39.141900, -80.030710, 170, 3.47
R1_loop, 39.141990, -80.030790, 171, 3.48
R1_loop, 39.142440, -80.031120, 172, 3.52
R1_loop, 39.143400, -80.031820, 173, 3.59
R1_loop, 39.143620, -80.032030, 174, 3.61
R1_loop, 39.144190, -80.032670, 175, 3.66
R1_loop, 39.145100, -80.033700, 176, 3.75
R1_loop, 39.145840, -80.034550, 177, 3.82
R1_loop, 39.146200, -80.034910, 178, 3.85
R1_loop, 39.145710, -80.035680, 179, 3.90
R1_loop, 39.145570, -80.035910, 180, 3.92
R1_loop, 39.145490, -80.036040, 181, 3.93
R1_loop, 39.145430, -80.036140, 182, 3.93
R1_loop, 39.145390, -80.036220, 183, 3.94
R1_loop, 39.145350, -80.036320, 184, 3.94
R1_loop, 39.145300, -80.036460, 185, 3.95
R1_loop, 39.145280, -80.036520, 186, 3.96
R1_loop, 39.145240, -80.036710, 187, 3.97
R1_loop, 39.145220, -80.036790, 188, 3.97
R1_loop, 39.145240, -80.036710, 189, 3.98
R1_loop, 39.145280, -80.036520, 190, 3.99
R1_loop, 39.145300, -80.036460, 191, 3.99
R1_loop, 39.145350, -80.036320, 192, 4.00
R1_loop, 39.145390, -80.036220, 193, 4.00
R1_loop, 39.145430, -80.036140, 194, 4.01
R1_loop, 39.145490, -80.036040, 195, 4.02
R1_loop, 39.145570, -80.035910, 196, 4.02
R1_loop, 39.145710, -80.035680, 197, 4.04
R1_loop, 39.146200, -80.034910, 198, 4.09
R1_loop, 39.146590, -80.035300, 199, 4.13
R1_loop, 39.146770, -80.035470, 200, 4.14
R1_loop, 39.146710, -80.035940, 201, 4.17
R1_loop, 39.146670, -80.036360, 202, 4.19
R1_loop, 39.146530, -80.037190, 203, 4.24
R1_loop, 39.147290, -80.037350, 204, 4.29
R1_loop, 39.147710, -80.037480, 205, 4.32
R1_loop, 39.147690, -80.037860, 206, 4.34
R1_loop, 39.147660, -80.038240, 207, 4.36
R1_loop, 39.147650, -80.038400, 208, 4.37
R1_loop, 39.147660, -80.038460, 209, 4.37
R1_loop, 39.147670, -80.038640, 210, 4.38
R1_loop, 39.147690, -80.038740, 211, 4.39
R1_loop, 39.148410, -80.038550, 212, 4.44
R1_loop, 39.148790, -80.036550, 213, 4.55
R1_loop, 39.149200, -80.036680, 214, 4.58
R1_loop, 39.149480, -80.036730, 215, 4.60
R1_loop, 39.150110, -80.036930, 216, 4.64
R1_loop, 39.150790, -80.037120, 217, 4.69
R1_loop, 39.151130, -80.037710, 218, 4.73
R1_loop, 39.151280, -80.038020, 219, 4.75
R1_loop, 39.151530, -80.038410, 220, 4.78
R1_loop, 39.151930, -80.039120, 221, 4.82
R1_loop, 39.152450, -80.039930, 222, 4.88
R1_loop, 39.152940, -80.039450, 223, 4.92
R1_loop, 39.152940, -80.039450, 224, 4.92
R1_loop, 39.153110, -80.039280, 225, 4.94
R1_loop, 39.153870, -80.040570, 226, 5.02
R1_loop, 39.153850, -80.040600, 227, 5.03
R1_loop, 39.153360, -80.041200, 228, 5.07
R1_loop, 39.153280, -80.041370, 229, 5.08
R1_loop, 39.153500, -80.041630, 230, 5.10
R1_loop, 39.153650, -80.041820, 231, 5.12
R1_loop, 39.153950, -80.041460, 232, 5.15
R1_loop, 39.154090, -80.041280, 233, 5.16
R1_loop, 39.154250, -80.041070, 234, 5.18
R1_loop, 39.155210, -80.042340, 235, 5.27
R1_loop, 39.155290, -80.042460, 236, 5.28
R1_loop, 39.155340, -80.042540, 237, 5.29
R1_loop, 39.155570, -80.042800, 238, 5.31
R1_loop, 39.155750, -80.043030, 239, 5.32
R1_loop, 39.155950, -80.043300, 240, 5.35
R1_loop, 39.156090, -80.043480, 241, 5.36
R1_loop, 39.156250, -80.043710, 242, 5.38
R1_loop, 39.156630, -80.044180, 243, 5.41
R1_loop, 39.156810, -80.044120, 244, 5.42
R1_loop, 39.157780, -80.043740, 245, 5.49
R1_loop, 39.158960, -80.043330, 246, 5.58
R1_loop, 39.160120, -80.042880, 247, 5.66
R1_loop, 39.160220, -80.043400, 248, 5.69
R1_loop, 39.160340, -80.043870, 249, 5.72
R1_loop, 39.161470, -80.043440, 250, 5.80
R1_loop, 39.162590, -80.043010, 251, 5.88
R1_loop, 39.162520, -80.042660, 252, 5.90
R1_loop, 39.162490, -80.042540, 253, 5.91
R1_loop, 39.162370, -80.042030, 254, 5.93
R1_loop, 39.162310, -80.041820, 255, 5.95
R1_loop, 39.162310, -80.041820, 256, 5.95
R1_loop, 39.162370, -80.042030, 257, 5.96
R1_loop, 39.161240, -80.042500, 258, 6.04
R1_loop, 39.160120, -80.042880, 259, 6.12
R1_loop, 39.158960, -80.043330, 260, 6.20
R1_loop, 39.157780, -80.043740, 261, 6.29
R1_loop, 39.156810, -80.044120, 262, 6.36
R1_loop, 39.156630, -80.044180, 263, 6.37
R1_loop, 39.156250, -80.043710, 264, 6.41
R1_loop, 39.156090, -80.043480, 265, 6.42
R1_loop, 39.155950, -80.043300, 266, 6.44
R1_loop, 39.155750, -80.043030, 267, 6.46
R1_loop, 39.155570, -80.042800, 268, 6.48
R1_loop, 39.155340, -80.042540, 269, 6.50
R1_loop, 39.155290, -80.042460, 270, 6.50
R1_loop, 39.155210, -80.042340, 271, 6.51
R1_loop, 39.154250, -80.041070, 272, 6.61
R1_loop, 39.153870, -80.040570, 273, 6.64
R1_loop, 39.154260, -80.040060, 274, 6.68
R1_loop, 39.154380, -80.039910, 275, 6.69
R1_loop, 39.154530, -80.039780, 276, 6.71
R1_loop, 39.154590, -80.039740, 277, 6.71
R1_loop, 39.154660, -80.039720, 278, 6.71
R1_loop, 39.154750, -80.039700, 279, 6.72
R1_loop, 39.155090, -80.039780, 280, 6.75
R1_loop, 39.155300, -80.039770, 281, 6.76
R1_loop, 39.155530, -80.039740, 282, 6.78
R1_loop, 39.155720, -80.039690, 283, 6.79
R1_loop, 39.155890, -80.039680, 284, 6.80
R1_loop, 39.156050, -80.039700, 285, 6.81
R1_loop, 39.156230, -80.039720, 286, 6.82
R1_loop, 39.156400, -80.039730, 287, 6.84
R1_loop, 39.156540, -80.039730, 288, 6.85
R1_loop, 39.156730, -80.039670, 289, 6.86
R1_loop, 39.156830, -80.039650, 290, 6.87
R1_loop, 39.156880, -80.039520, 291, 6.87
R1_loop, 39.156940, -80.039430, 292, 6.88
R1_loop, 39.156980, -80.039350, 293, 6.89
R1_loop, 39.157040, -80.039260, 294, 6.89
R1_loop, 39.157160, -80.039070, 295, 6.90
R1_loop, 39.157220, -80.038980, 296, 6.91
R1_loop, 39.157260, -80.038920, 297, 6.92
R1_loop, 39.157290, -80.038850, 298, 6.92
R1_loop, 39.157320, -80.038760, 299, 6.92
R1_loop, 39.157330, -80.038700, 300, 6.93
R1_loop, 39.157330, -80.038630, 301, 6.93
R1_loop, 39.157330, -80.038570, 302, 6.94
R1_loop, 39.157310, -80.038510, 303, 6.94
R1_loop, 39.157260, -80.038420, 304, 6.94
R1_loop, 39.157180, -80.038350, 305, 6.95
R1_loop, 39.157100, -80.038290, 306, 6.96
R1_loop, 39.157000, -80.038200, 307, 6.97
R1_loop, 39.156920, -80.038040, 308, 6.98
R1_loop, 39.156860, -80.037790, 309, 6.99
R1_loop, 39.156830, -80.037590, 310, 7.00
R1_loop, 39.156820, -80.037380, 311, 7.01
R1_loop, 39.156820, -80.037190, 312, 7.02
R1_loop, 39.156830, -80.036920, 313, 7.04
R1_loop, 39.156860, -80.036710, 314, 7.05
R1_loop, 39.156900, -80.036520, 315, 7.06
R1_loop, 39.156960, -80.036380, 316, 7.07
R1_loop, 39.157070, -80.036270, 317, 7.08
R1_loop, 39.157180, -80.036180, 318, 7.09
R1_loop, 39.157360, -80.036100, 319, 7.10
R1_loop, 39.157490, -80.036030, 320, 7.11
R1_loop, 39.157600, -80.035950, 321, 7.12
R1_loop, 39.157700, -80.035850, 322, 7.13
R1_loop, 39.157770, -80.035690, 323, 7.14
R1_loop, 39.157830, -80.035530, 324, 7.15
R1_loop, 39.157860, -80.035420, 325, 7.15
R1_loop, 39.157880, -80.035320, 326, 7.16
R1_loop, 39.157900, -80.035240, 327, 7.16
R1_loop, 39.157910, -80.035170, 328, 7.17
R1_loop, 39.157920, -80.035090, 329, 7.17
R1_loop, 39.157920, -80.035010, 330, 7.18
R1_loop, 39.157920, -80.034940, 331, 7.18
R1_loop, 39.157930, -80.034820, 332, 7.19
R1_loop, 39.157920, -80.034700, 333, 7.19
R1_loop, 39.157910, -80.034620, 334, 7.20
R1_loop, 39.157890, -80.034500, 335, 7.20
R1_loop, 39.157880, -80.034380, 336, 7.21
R1_loop, 39.157860, -80.034240, 337, 7.22
R1_loop, 39.157840, -80.034130, 338, 7.22
R1_loop, 39.157820, -80.034000, 339, 7.23
R1_loop, 39.157790, -80.033840, 340, 7.24
R1_loop, 39.157750, -80.033720, 341, 7.25
R1_loop, 39.157710, -80.033590, 342, 7.25
R1_loop, 39.157670, -80.033470, 343, 7.26
R1_loop, 39.157630, -80.033390, 344, 7.27
R1_loop, 39.157460, -80.033150, 345, 7.28
R1_loop, 39.157330, -80.033010, 346, 7.29
R1_loop, 39.157460, -80.033150, 347, 7.31
R1_loop, 39.157630, -80.033390, 348, 7.32
R1_loop, 39.157670, -80.033470, 349, 7.33
R1_loop, 39.157710, -80.033590, 350, 7.34
R1_loop, 39.157750, -80.033720, 351, 7.34
R1_loop, 39.157790, -80.033840, 352, 7.35
R1_loop, 39.157820, -80.034000, 353, 7.36
R1_loop, 39.157840, -80.034130, 354, 7.37
R1_loop, 39.157860, -80.034240, 355, 7.37
R1_loop, 39.157880, -80.034380, 356, 7.38
R1_loop, 39.157890, -80.034500, 357, 7.39
R1_loop, 39.157910, -80.034620, 358, 7.39
R1_loop, 39.157920, -80.034700, 359, 7.40
R1_loop, 39.157930, -80.034820, 360, 7.40
R1_loop, 39.157920, -80.034940, 361, 7.41
R1_loop, 39.157920, -80.035010, 362, 7.41
R1_loop, 39.157920, -80.035090, 363, 7.42
R1_loop, 39.157910, -80.035170, 364, 7.42
R1_loop, 39.157900, -80.035240, 365, 7.43
R1_loop, 39.157880, -80.035320, 366, 7.43
R1_loop, 39.157860, -80.035420, 367, 7.44
R1_loop, 39.157830, -80.035530, 368, 7.44
R1_loop, 39.157770, -80.035690, 369, 7.45
R1_loop, 39.157700, -80.035850, 370, 7.46
R1_loop, 39.157600, -80.035950, 371, 7.47
R1_loop, 39.157490, -80.036030, 372, 7.48
R1_loop, 39.157360, -80.036100, 373, 7.49
R1_loop, 39.157180, -80.036180, 374, 7.50
R1_loop, 39.157070, -80.036270, 375, 7.51
R1_loop, 39.156960, -80.036380, 376, 7.52
R1_loop, 39.156900, -80.036520, 377, 7.53
R1_loop, 39.156860, -80.036710, 378, 7.54
R1_loop, 39.156830, -80.036920, 379, 7.55
R1_loop, 39.156820, -80.037190, 380, 7.57
R1_loop, 39.156820, -80.037380, 381, 7.58
R1_loop, 39.156830, -80.037590, 382, 7.59
R1_loop, 39.156860, -80.037790, 383, 7.60
R1_loop, 39.156920, -80.038040, 384, 7.61
R1_loop, 39.157000, -80.038200, 385, 7.62
R1_loop, 39.157100, -80.038290, 386, 7.63
R1_loop, 39.157180, -80.038350, 387, 7.64
R1_loop, 39.157260, -80.038420, 388, 7.64
R1_loop, 39.157310, -80.038510, 389, 7.65
R1_loop, 39.157330, -80.038570, 390, 7.65
R1_loop, 39.157330, -80.038630, 391, 7.66
R1_loop, 39.157330, -80.038700, 392, 7.66
R1_loop, 39.157320, -80.038760, 393, 7.66
R1_loop, 39.157290, -80.038850, 394, 7.67
R1_loop, 39.157260, -80.038920, 395, 7.67
R1_loop, 39.157220, -80.038980, 396, 7.68
R1_loop, 39.157160, -80.039070, 397, 7.68
R1_loop, 39.157040, -80.039260, 398, 7.70
R1_loop, 39.156980, -80.039350, 399, 7.70
R1_loop, 39.156880, -80.039520, 400, 7.72
R1_loop, 39.156830, -80.039650, 401, 7.72
R1_loop, 39.156730, -80.039670, 402, 7.73
R1_loop, 39.156540, -80.039730, 403, 7.74
R1_loop, 39.156400, -80.039730, 404, 7.75
R1_loop, 39.156230, -80.039720, 405, 7.77
R1_loop, 39.156050, -80.039700, 406, 7.78
R1_loop, 39.155890, -80.039680, 407, 7.79
R1_loop, 39.155720, -80.039690, 408, 7.80
R1_loop, 39.155530, -80.039740, 409, 7.81
R1_loop, 39.155300, -80.039770, 410, 7.83
R1_loop, 39.155090, -80.039780, 411, 7.84
R1_loop, 39.154750, -80.039700, 412, 7.87
R1_loop, 39.154660, -80.039720, 413, 7.87
R1_loop, 39.154590, -80.039740, 414, 7.88
R1_loop, 39.154530, -80.039780, 415, 7.88
R1_loop, 39.154380, -80.039910, 416, 7.90
R1_loop, 39.154260, -80.040060, 417, 7.91
R1_loop, 39.153870, -80.040570, 418, 7.95
R1_loop, 39.153110, -80.039280, 419, 8.03
R1_loop, 39.152940, -80.039450, 420, 8.05
R1_loop, 39.152450, -80.039930, 421, 8.09
R1_loop, 39.151930, -80.039120, 422, 8.15
R1_loop, 39.151530, -80.038410, 423, 8.19
R1_loop, 39.151280, -80.038020, 424, 8.22
R1_loop, 39.151130, -80.037710, 425, 8.24
R1_loop, 39.150790, -80.037120, 426, 8.28
R1_loop, 39.150110, -80.036930, 427, 8.33
R1_loop, 39.149480, -80.036730, 428, 8.37
R1_loop, 39.149200, -80.036680, 429, 8.39
R1_loop, 39.148790, -80.036550, 430, 8.42
R1_loop, 39.148410, -80.038550, 431, 8.53
R1_loop, 39.147880, -80.038690, 432, 8.57
R1_loop, 39.147690, -80.038740, 433, 8.58
R1_loop, 39.147670, -80.038640, 434, 8.59
R1_loop, 39.147650, -80.038400, 435, 8.60
R1_loop, 39.147660, -80.038240, 436, 8.61
R1_loop, 39.147690, -80.037860, 437, 8.63
R1_loop, 39.147710, -80.037480, 438, 8.65
R1_loop, 39.147700, -80.037480, 439, 8.65
R1_loop, 39.147290, -80.037350, 440, 8.68
R1_loop, 39.146530, -80.037190, 441, 8.73
R1_loop, 39.146670, -80.036360, 442, 8.78
R1_loop, 39.146710, -80.035940, 443, 8.80
R1_loop, 39.146770, -80.035470, 444, 8.83
R1_loop, 39.146590, -80.035300, 445, 8.84
R1_loop, 39.146200, -80.034910, 446, 8.88
R1_loop, 39.145710, -80.035680, 447, 8.93
R1_loop, 39.145570, -80.035910, 448, 8.95
R1_loop, 39.145490, -80.036040, 449, 8.96
R1_loop, 39.145430, -80.036140, 450, 8.96
R1_loop, 39.145390, -80.036220, 451, 8.97
R1_loop, 39.145350, -80.036320, 452, 8.97
R1_loop, 39.145300, -80.036460, 453, 8.98
R1_loop, 39.145280, -80.036520, 454, 8.99
R1_loop, 39.145240, -80.036710, 455, 9.00
R1_loop, 39.145220, -80.036790, 456, 9.00
R1_loop, 39.145220, -80.036790, 457, 9.00
R1_loop, 39.145240, -80.036710, 458, 9.00
R1_loop, 39.145280, -80.036520, 459, 9.02
R1_loop, 39.145300, -80.036460, 460, 9.02
R1_loop, 39.145350, -80.036320, 461, 9.03
R1_loop, 39.145390, -80.036220, 462, 9.03
R1_loop, 39.145430, -80.036140, 463, 9.04
R1_loop, 39.145490, -80.036040, 464, 9.05
R1_loop, 39.145570, -80.035910, 465, 9.05
R1_loop, 39.145710, -80.035680, 466, 9.07
R1_loop, 39.146200, -80.034910, 467, 9.12
R1_loop, 39.146590, -80.035300, 468, 9.16
R1_loop, 39.146770, -80.035470, 469, 9.17
R1_loop, 39.146710, -80.035940, 470, 9.20
R1_loop, 39.146670, -80.036360, 471, 9.22
R1_loop, 39.146530, -80.037190, 472, 9.27
R1_loop, 39.147290, -80.037350, 473, 9.32
R1_loop, 39.147710, -80.037480, 474, 9.35
R1_loop, 39.147690, -80.037860, 475, 9.37
R1_loop, 39.147660, -80.038240, 476, 9.39
R1_loop, 39.147650, -80.038400, 477, 9.40
R1_loop, 39.147670, -80.038640, 478, 9.41
R1_loop, 39.147690, -80.038740, 479, 9.42
R1_loop, 39.148410, -80.038550, 480, 9.47
R1_loop, 39.148790, -80.036550, 481, 9.58
R1_loop, 39.149200, -80.036680, 482, 9.61
R1_loop, 39.149480, -80.036730, 483, 9.63
R1_loop, 39.150110, -80.036930, 484, 9.67
R1_loop, 39.150790, -80.037120, 485, 9.72
R1_loop, 39.151130, -80.037710, 486, 9.76
R1_loop, 39.151280, -80.038020, 487, 9.78
R1_loop, 39.151530, -80.038410, 488, 9.81
R1_loop, 39.151930, -80.039120, 489, 9.85
R1_loop, 39.152450, -80.039930, 490, 9.91
R1_loop, 39.152940, -80.039450, 491, 9.95
