shape_id,shape_pt_lat,shape_pt_lon,shape_pt_sequence,shape_dist_traveled
R22_in_Montgomery, 38.351851, -81.635506, 1, 0.00
R22_in_Montgomery, 38.351820, -81.635513, 2, 0.00
R22_in_Montgomery, 38.352956, -81.633498, 3, 0.14
R22_in_Montgomery, 38.352192, -81.632878, 4, 0.20
R22_in_Montgomery, 38.351341, -81.632162, 5, 0.27
R22_in_Montgomery, 38.350487, -81.631458, 6, 0.34
R22_in_Montgomery, 38.349140, -81.629808, 7, 0.47
R22_in_Montgomery, 38.347867, -81.628257, 8, 0.59
R22_in_Montgomery, 38.346633, -81.626765, 9, 0.71
R22_in_Montgomery, 38.345057, -81.624859, 10, 0.86
R22_in_Montgomery, 38.344691, -81.624393, 11, 0.89
R22_in_Montgomery, 38.344084, -81.623496, 12, 0.96
R22_in_Montgomery, 38.343026, -81.621923, 13, 1.07
R22_in_Montgomery, 38.342101, -81.619967, 14, 1.19
R22_in_Montgomery, 38.340956, -81.617533, 15, 1.35
R22_in_Montgomery, 38.340205, -81.616053, 16, 1.44
R22_in_Montgomery, 38.339079, -81.613992, 17, 1.58
R22_in_Montgomery, 38.338127, -81.614816, 18, 1.66
R22_in_Montgomery, 38.337324, -81.615538, 19, 1.73
R22_in_Montgomery, 38.336433, -81.616339, 20, 1.80
R22_in_Montgomery, 38.335891, -81.614573, 21, 1.91
R22_in_Montgomery, 38.335580, -81.613298, 22, 1.98
R22_in_Montgomery, 38.335320, -81.611923, 23, 2.06
R22_in_Montgomery, 38.335254, -81.611018, 24, 2.10
R22_in_Montgomery, 38.335464, -81.610951, 25, 2.12
R22_in_Montgomery, 38.337237, -81.610103, 26, 2.25
R22_in_Montgomery, 38.336882, -81.608932, 27, 2.32
R22_in_Montgomery, 38.336669, -81.608168, 28, 2.36
R22_in_Montgomery, 38.336524, -81.607573, 29, 2.40
R22_in_Montgomery, 38.336206, -81.606003, 30, 2.48
R22_in_Montgomery, 38.335800, -81.603942, 31, 2.60
R22_in_Montgomery, 38.335504, -81.602094, 32, 2.70
R22_in_Montgomery, 38.335205, -81.600325, 33, 2.80
R22_in_Montgomery, 38.335282, -81.599578, 34, 2.84
R22_in_Montgomery, 38.334919, -81.597531, 35, 2.96
R22_in_Montgomery, 38.334579, -81.596617, 36, 3.01
R22_in_Montgomery, 38.334138, -81.596753, 37, 3.04
R22_in_Montgomery, 38.333994, -81.595573, 38, 3.11
R22_in_Montgomery, 38.333728, -81.593549, 39, 3.22
R22_in_Montgomery, 38.333409, -81.591495, 40, 3.33
R22_in_Montgomery, 38.332943, -81.588592, 41, 3.49
R22_in_Montgomery, 38.332599, -81.587126, 42, 3.58
R22_in_Montgomery, 38.332292, -81.586133, 43, 3.63
R22_in_Montgomery, 38.331960, -81.585200, 44, 3.69
R22_in_Montgomery, 38.331371, -81.583794, 45, 3.78
R22_in_Montgomery, 38.331048, -81.583031, 46, 3.82
R22_in_Montgomery, 38.330607, -81.581992, 47, 3.89
R22_in_Montgomery, 38.330113, -81.580865, 48, 3.96
R22_in_Montgomery, 38.329752, -81.580015, 49, 4.01
R22_in_Montgomery, 38.329486, -81.579494, 50, 4.04
R22_in_Montgomery, 38.328972, -81.578754, 51, 4.10
R22_in_Montgomery, 38.328421, -81.578076, 52, 4.15
R22_in_Montgomery, 38.327684, -81.576956, 53, 4.23
R22_in_Montgomery, 38.326943, -81.575732, 54, 4.31
R22_in_Montgomery, 38.325832, -81.573710, 55, 4.45
R22_in_Montgomery, 38.325292, -81.572742, 56, 4.51
R22_in_Montgomery, 38.324949, -81.572173, 57, 4.55
R22_in_Montgomery, 38.324406, -81.571540, 58, 4.60
R22_in_Montgomery, 38.323729, -81.570932, 59, 4.66
R22_in_Montgomery, 38.323160, -81.570259, 60, 4.71
R22_in_Montgomery, 38.322144, -81.569095, 61, 4.81
R22_in_Montgomery, 38.320906, -81.567301, 62, 4.94
R22_in_Montgomery, 38.320052, -81.566116, 63, 5.02
R22_in_Montgomery, 38.319558, -81.565270, 64, 5.08
R22_in_Montgomery, 38.319170, -81.564520, 65, 5.13
R22_in_Montgomery, 38.318497, -81.563240, 66, 5.21
R22_in_Montgomery, 38.318068, -81.562451, 67, 5.27
R22_in_Montgomery, 38.317707, -81.562087, 68, 5.30
R22_in_Montgomery, 38.316984, -81.561543, 69, 5.36
R22_in_Montgomery, 38.316405, -81.561117, 70, 5.40
R22_in_Montgomery, 38.315712, -81.560645, 71, 5.46
R22_in_Montgomery, 38.314977, -81.560116, 72, 5.51
R22_in_Montgomery, 38.314056, -81.559621, 73, 5.58
R22_in_Montgomery, 38.313097, -81.559076, 74, 5.66
R22_in_Montgomery, 38.311975, -81.558428, 75, 5.74
R22_in_Montgomery, 38.310841, -81.557494, 76, 5.83
R22_in_Montgomery, 38.310164, -81.556938, 77, 5.89
R22_in_Montgomery, 38.309564, -81.556545, 78, 5.94
R22_in_Montgomery, 38.309106, -81.556313, 79, 5.97
R22_in_Montgomery, 38.308696, -81.556170, 80, 6.00
R22_in_Montgomery, 38.307969, -81.556120, 81, 6.05
R22_in_Montgomery, 38.306477, -81.556089, 82, 6.15
R22_in_Montgomery, 38.305029, -81.556046, 83, 6.25
R22_in_Montgomery, 38.303680, -81.555969, 84, 6.35
R22_in_Montgomery, 38.301861, -81.555876, 85, 6.47
R22_in_Montgomery, 38.301104, -81.555855, 86, 6.52
R22_in_Montgomery, 38.300610, -81.555894, 87, 6.56
R22_in_Montgomery, 38.300068, -81.555989, 88, 6.59
R22_in_Montgomery, 38.299928, -81.555799, 89, 6.61
R22_in_Montgomery, 38.299938, -81.555645, 90, 6.62
R22_in_Montgomery, 38.300107, -81.555399, 91, 6.64
R22_in_Montgomery, 38.300337, -81.555420, 92, 6.65
R22_in_Montgomery, 38.300547, -81.555620, 93, 6.67
R22_in_Montgomery, 38.300726, -81.556939, 94, 6.74
R22_in_Montgomery, 38.298919, -81.557560, 95, 6.87
R22_in_Montgomery, 38.298740, -81.557638, 96, 6.88
R22_in_Montgomery, 38.297842, -81.558414, 97, 6.96
R22_in_Montgomery, 38.297194, -81.559012, 98, 7.01
R22_in_Montgomery, 38.296568, -81.559560, 99, 7.07
R22_in_Montgomery, 38.296440, -81.559599, 100, 7.08
R22_in_Montgomery, 38.296301, -81.559586, 101, 7.09
R22_in_Montgomery, 38.296136, -81.559567, 102, 7.10
R22_in_Montgomery, 38.295813, -81.559318, 103, 7.12
R22_in_Montgomery, 38.295484, -81.559096, 104, 7.15
R22_in_Montgomery, 38.295269, -81.558966, 105, 7.17
R22_in_Montgomery, 38.295028, -81.558940, 106, 7.18
R22_in_Montgomery, 38.293941, -81.559302, 107, 7.26
R22_in_Montgomery, 38.292563, -81.559824, 108, 7.36
R22_in_Montgomery, 38.291304, -81.560300, 109, 7.45
R22_in_Montgomery, 38.288975, -81.561214, 110, 7.62
R22_in_Montgomery, 38.287511, -81.561781, 111, 7.72
R22_in_Montgomery, 38.285696, -81.562481, 112, 7.85
R22_in_Montgomery, 38.284652, -81.562873, 113, 7.93
R22_in_Montgomery, 38.284054, -81.563029, 114, 7.97
R22_in_Montgomery, 38.282249, -81.563459, 115, 8.10
R22_in_Montgomery, 38.279529, -81.564084, 116, 8.29
R22_in_Montgomery, 38.279106, -81.564188, 117, 8.32
R22_in_Montgomery, 38.277093, -81.564350, 118, 8.46
R22_in_Montgomery, 38.274146, -81.564538, 119, 8.66
R22_in_Montgomery, 38.271088, -81.564733, 120, 8.87
R22_in_Montgomery, 38.269594, -81.564844, 121, 8.97
R22_in_Montgomery, 38.268009, -81.564990, 122, 9.08
R22_in_Montgomery, 38.265547, -81.565269, 123, 9.25
R22_in_Montgomery, 38.262874, -81.565489, 124, 9.44
R22_in_Montgomery, 38.260501, -81.565718, 125, 9.60
R22_in_Montgomery, 38.258523, -81.565907, 126, 9.74
R22_in_Montgomery, 38.258171, -81.565888, 127, 9.77
R22_in_Montgomery, 38.255973, -81.565474, 128, 9.92
R22_in_Montgomery, 38.255033, -81.565247, 129, 9.98
R22_in_Montgomery, 38.252946, -81.564118, 130, 10.14
R22_in_Montgomery, 38.250914, -81.562886, 131, 10.30
R22_in_Montgomery, 38.250501, -81.562505, 132, 10.33
R22_in_Montgomery, 38.248482, -81.560177, 133, 10.52
R22_in_Montgomery, 38.247938, -81.559523, 134, 10.57
R22_in_Montgomery, 38.246599, -81.557459, 135, 10.72
R22_in_Montgomery, 38.244224, -81.553656, 136, 10.98
R22_in_Montgomery, 38.242475, -81.550877, 137, 11.17
R22_in_Montgomery, 38.241702, -81.549657, 138, 11.26
R22_in_Montgomery, 38.241110, -81.548790, 139, 11.32
R22_in_Montgomery, 38.240080, -81.547518, 140, 11.42
R22_in_Montgomery, 38.239290, -81.546520, 141, 11.50
R22_in_Montgomery, 38.238599, -81.545401, 142, 11.57
R22_in_Montgomery, 38.237993, -81.544272, 143, 11.65
R22_in_Montgomery, 38.237383, -81.543277, 144, 11.72
R22_in_Montgomery, 38.237080, -81.542926, 145, 11.75
R22_in_Montgomery, 38.236429, -81.542353, 146, 11.80
R22_in_Montgomery, 38.235897, -81.541925, 147, 11.84
R22_in_Montgomery, 38.235247, -81.541240, 148, 11.90
R22_in_Montgomery, 38.234240, -81.540105, 149, 12.00
R22_in_Montgomery, 38.233187, -81.538937, 150, 12.09
R22_in_Montgomery, 38.231973, -81.537521, 151, 12.21
R22_in_Montgomery, 38.230416, -81.535752, 152, 12.35
R22_in_Montgomery, 38.228983, -81.534073, 153, 12.48
R22_in_Montgomery, 38.227717, -81.532631, 154, 12.60
R22_in_Montgomery, 38.226895, -81.531713, 155, 12.68
R22_in_Montgomery, 38.226339, -81.531106, 156, 12.73
R22_in_Montgomery, 38.225896, -81.530817, 157, 12.76
R22_in_Montgomery, 38.225298, -81.530466, 158, 12.81
R22_in_Montgomery, 38.224795, -81.530168, 159, 12.85
R22_in_Montgomery, 38.224704, -81.529907, 160, 12.86
R22_in_Montgomery, 38.224745, -81.529630, 161, 12.88
R22_in_Montgomery, 38.225124, -81.529117, 162, 12.92
R22_in_Montgomery, 38.225466, -81.528586, 163, 12.95
R22_in_Montgomery, 38.224774, -81.527658, 164, 13.02
R22_in_Montgomery, 38.223620, -81.526162, 165, 13.14
R22_in_Montgomery, 38.222881, -81.525262, 166, 13.21
R22_in_Montgomery, 38.222456, -81.524652, 167, 13.25
R22_in_Montgomery, 38.221611, -81.523103, 168, 13.35
R22_in_Montgomery, 38.221429, -81.523493, 169, 13.38
R22_in_Montgomery, 38.221126, -81.524007, 170, 13.41
R22_in_Montgomery, 38.220838, -81.524044, 171, 13.43
R22_in_Montgomery, 38.220191, -81.523289, 172, 13.49
R22_in_Montgomery, 38.219039, -81.521923, 173, 13.60
R22_in_Montgomery, 38.218168, -81.520902, 174, 13.68
R22_in_Montgomery, 38.217210, -81.519731, 175, 13.78
R22_in_Montgomery, 38.216311, -81.518644, 176, 13.86
R22_in_Montgomery, 38.215234, -81.517308, 177, 13.97
R22_in_Montgomery, 38.214684, -81.516638, 178, 14.02
R22_in_Montgomery, 38.213956, -81.515503, 179, 14.10
R22_in_Montgomery, 38.213409, -81.514539, 180, 14.16
R22_in_Montgomery, 38.212813, -81.513288, 181, 14.24
R22_in_Montgomery, 38.212092, -81.511831, 182, 14.34
R22_in_Montgomery, 38.211421, -81.510655, 183, 14.41
R22_in_Montgomery, 38.211092, -81.510114, 184, 14.45
R22_in_Montgomery, 38.210799, -81.510434, 185, 14.48
R22_in_Montgomery, 38.210628, -81.510619, 186, 14.49
R22_in_Montgomery, 38.210465, -81.511383, 187, 14.54
R22_in_Montgomery, 38.210382, -81.511686, 188, 14.55
R22_in_Montgomery, 38.210131, -81.512081, 189, 14.58
R22_in_Montgomery, 38.209916, -81.512357, 190, 14.60
R22_in_Montgomery, 38.209779, -81.512507, 191, 14.62
R22_in_Montgomery, 38.209518, -81.512500, 192, 14.63
R22_in_Montgomery, 38.208626, -81.511897, 193, 14.70
R22_in_Montgomery, 38.207696, -81.510828, 194, 14.79
R22_in_Montgomery, 38.206173, -81.509107, 195, 14.93
R22_in_Montgomery, 38.205992, -81.508914, 196, 14.95
R22_in_Montgomery, 38.205648, -81.508630, 197, 14.98
R22_in_Montgomery, 38.204047, -81.506647, 198, 15.13
R22_in_Montgomery, 38.202877, -81.504894, 199, 15.25
R22_in_Montgomery, 38.202750, -81.504850, 200, 15.26
R22_in_Montgomery, 38.202663, -81.504921, 201, 15.27
R22_in_Montgomery, 38.203115, -81.505616, 202, 15.32
R22_in_Montgomery, 38.203254, -81.505468, 203, 15.33
R22_in_Montgomery, 38.204026, -81.506653, 204, 15.42
R22_in_Montgomery, 38.205584, -81.508554, 205, 15.57
R22_in_Montgomery, 38.205933, -81.508880, 206, 15.59
R22_in_Montgomery, 38.206236, -81.509166, 207, 15.62
R22_in_Montgomery, 38.207423, -81.510518, 208, 15.73
R22_in_Montgomery, 38.208501, -81.511780, 209, 15.83
R22_in_Montgomery, 38.208680, -81.511947, 210, 15.85
R22_in_Montgomery, 38.209585, -81.512504, 211, 15.92
R22_in_Montgomery, 38.209831, -81.512502, 212, 15.93
R22_in_Montgomery, 38.210075, -81.512148, 213, 15.96
R22_in_Montgomery, 38.210344, -81.511752, 214, 15.99
R22_in_Montgomery, 38.210427, -81.511369, 215, 16.01
R22_in_Montgomery, 38.210052, -81.511176, 216, 16.04
R22_in_Montgomery, 38.209723, -81.511023, 217, 16.06
R22_in_Montgomery, 38.209083, -81.510458, 218, 16.12
R22_in_Montgomery, 38.208446, -81.509739, 219, 16.17
R22_in_Montgomery, 38.207951, -81.509197, 220, 16.22
R22_in_Montgomery, 38.207175, -81.508318, 221, 16.29
R22_in_Montgomery, 38.205743, -81.506636, 222, 16.43
R22_in_Montgomery, 38.204774, -81.505314, 223, 16.52
R22_in_Montgomery, 38.203503, -81.503331, 224, 16.66
R22_in_Montgomery, 38.203365, -81.503026, 225, 16.68
R22_in_Montgomery, 38.203484, -81.502713, 226, 16.70
R22_in_Montgomery, 38.203736, -81.502500, 227, 16.72
R22_in_Montgomery, 38.204015, -81.502270, 228, 16.75
R22_in_Montgomery, 38.202647, -81.500991, 229, 16.86
R22_in_Montgomery, 38.201675, -81.500009, 230, 16.95
R22_in_Montgomery, 38.200859, -81.498731, 231, 17.04
R22_in_Montgomery, 38.200450, -81.497791, 232, 17.10
R22_in_Montgomery, 38.200002, -81.495946, 233, 17.20
R22_in_Montgomery, 38.199779, -81.494407, 234, 17.29
R22_in_Montgomery, 38.199764, -81.493825, 235, 17.32
R22_in_Montgomery, 38.199841, -81.492341, 236, 17.40
R22_in_Montgomery, 38.200191, -81.489640, 237, 17.55
R22_in_Montgomery, 38.200677, -81.487910, 238, 17.65
R22_in_Montgomery, 38.201473, -81.485764, 239, 17.78
R22_in_Montgomery, 38.202145, -81.483767, 240, 17.90
R22_in_Montgomery, 38.202699, -81.481661, 241, 18.02
R22_in_Montgomery, 38.203009, -81.480734, 242, 18.07
R22_in_Montgomery, 38.203249, -81.480093, 243, 18.11
R22_in_Montgomery, 38.203405, -81.479783, 244, 18.13
R22_in_Montgomery, 38.203537, -81.479321, 245, 18.16
R22_in_Montgomery, 38.203652, -81.478891, 246, 18.18
R22_in_Montgomery, 38.203767, -81.478508, 247, 18.20
R22_in_Montgomery, 38.203945, -81.478037, 248, 18.23
R22_in_Montgomery, 38.204208, -81.477643, 249, 18.26
R22_in_Montgomery, 38.204502, -81.477170, 250, 18.29
R22_in_Montgomery, 38.204680, -81.476815, 251, 18.32
R22_in_Montgomery, 38.204803, -81.476343, 252, 18.34
R22_in_Montgomery, 38.204972, -81.475823, 253, 18.37
R22_in_Montgomery, 38.205110, -81.475107, 254, 18.41
R22_in_Montgomery, 38.205288, -81.474418, 255, 18.45
R22_in_Montgomery, 38.205459, -81.473609, 256, 18.50
R22_in_Montgomery, 38.205756, -81.472773, 257, 18.55
R22_in_Montgomery, 38.206083, -81.471763, 258, 18.61
R22_in_Montgomery, 38.206359, -81.471238, 259, 18.64
R22_in_Montgomery, 38.206961, -81.470267, 260, 18.71
R22_in_Montgomery, 38.208192, -81.468547, 261, 18.84
R22_in_Montgomery, 38.209172, -81.467294, 262, 18.93
R22_in_Montgomery, 38.210157, -81.466097, 263, 19.03
R22_in_Montgomery, 38.211411, -81.464562, 264, 19.15
R22_in_Montgomery, 38.211875, -81.463744, 265, 19.20
R22_in_Montgomery, 38.212453, -81.462202, 266, 19.29
R22_in_Montgomery, 38.213078, -81.460897, 267, 19.38
R22_in_Montgomery, 38.214461, -81.458591, 268, 19.53
R22_in_Montgomery, 38.215369, -81.456783, 269, 19.65
R22_in_Montgomery, 38.216537, -81.455038, 270, 19.78
R22_in_Montgomery, 38.218249, -81.452170, 271, 19.97
R22_in_Montgomery, 38.219354, -81.450367, 272, 20.10
R22_in_Montgomery, 38.220222, -81.448860, 273, 20.20
R22_in_Montgomery, 38.220656, -81.447943, 274, 20.25
R22_in_Montgomery, 38.221442, -81.445868, 275, 20.38
R22_in_Montgomery, 38.221989, -81.443958, 276, 20.49
R22_in_Montgomery, 38.222260, -81.442787, 277, 20.56
R22_in_Montgomery, 38.222360, -81.441625, 278, 20.62
R22_in_Montgomery, 38.222451, -81.438797, 279, 20.77
R22_in_Montgomery, 38.222443, -81.437795, 280, 20.83
R22_in_Montgomery, 38.222287, -81.436288, 281, 20.91
R22_in_Montgomery, 38.222114, -81.434935, 282, 20.99
R22_in_Montgomery, 38.221895, -81.434900, 283, 21.00
R22_in_Montgomery, 38.221719, -81.434106, 284, 21.05
R22_in_Montgomery, 38.221446, -81.432973, 285, 21.11
R22_in_Montgomery, 38.221228, -81.432345, 286, 21.15
R22_in_Montgomery, 38.220994, -81.431627, 287, 21.19
R22_in_Montgomery, 38.220886, -81.431254, 288, 21.21
R22_in_Montgomery, 38.220835, -81.430650, 289, 21.25
R22_in_Montgomery, 38.220887, -81.429908, 290, 21.29
R22_in_Montgomery, 38.221041, -81.428819, 291, 21.35
R22_in_Montgomery, 38.221186, -81.427976, 292, 21.39
R22_in_Montgomery, 38.221225, -81.427688, 293, 21.41
R22_in_Montgomery, 38.221146, -81.427240, 294, 21.43
R22_in_Montgomery, 38.220911, -81.426948, 295, 21.46
R22_in_Montgomery, 38.220591, -81.426521, 296, 21.49
R22_in_Montgomery, 38.220327, -81.426215, 297, 21.51
R22_in_Montgomery, 38.219956, -81.426152, 298, 21.54
R22_in_Montgomery, 38.219355, -81.426169, 299, 21.58
R22_in_Montgomery, 38.218854, -81.426191, 300, 21.62
R22_in_Montgomery, 38.218366, -81.426211, 301, 21.65
R22_in_Montgomery, 38.218215, -81.426118, 302, 21.66
R22_in_Montgomery, 38.217269, -81.425525, 303, 21.73
R22_in_Montgomery, 38.215948, -81.424734, 304, 21.83
R22_in_Montgomery, 38.214351, -81.423815, 305, 21.95
R22_in_Montgomery, 38.212122, -81.422646, 306, 22.12
R22_in_Montgomery, 38.209685, -81.421423, 307, 22.30
R22_in_Montgomery, 38.208977, -81.421031, 308, 22.36
R22_in_Montgomery, 38.208391, -81.420600, 309, 22.40
R22_in_Montgomery, 38.207626, -81.419830, 310, 22.47
R22_in_Montgomery, 38.206782, -81.418830, 311, 22.55
R22_in_Montgomery, 38.206320, -81.417909, 312, 22.61
R22_in_Montgomery, 38.205734, -81.415487, 313, 22.75
R22_in_Montgomery, 38.205580, -81.414821, 314, 22.78
R22_in_Montgomery, 38.205556, -81.413945, 315, 22.83
R22_in_Montgomery, 38.205639, -81.411906, 316, 22.94
R22_in_Montgomery, 38.205839, -81.410104, 317, 23.04
R22_in_Montgomery, 38.206155, -81.408696, 318, 23.12
R22_in_Montgomery, 38.206891, -81.406068, 319, 23.27
R22_in_Montgomery, 38.207422, -81.404642, 320, 23.36
R22_in_Montgomery, 38.207999, -81.403181, 321, 23.45
R22_in_Montgomery, 38.208593, -81.401564, 322, 23.55
R22_in_Montgomery, 38.209253, -81.399792, 323, 23.65
R22_in_Montgomery, 38.209773, -81.398372, 324, 23.74
R22_in_Montgomery, 38.209997, -81.397603, 325, 23.78
R22_in_Montgomery, 38.210265, -81.396507, 326, 23.84
R22_in_Montgomery, 38.210610, -81.395252, 327, 23.92
R22_in_Montgomery, 38.210794, -81.394693, 328, 23.95
R22_in_Montgomery, 38.211217, -81.393897, 329, 24.00
R22_in_Montgomery, 38.211765, -81.392716, 330, 24.08
R22_in_Montgomery, 38.212228, -81.391731, 331, 24.14
R22_in_Montgomery, 38.212881, -81.389976, 332, 24.24
R22_in_Montgomery, 38.213225, -81.388783, 333, 24.31
R22_in_Montgomery, 38.213885, -81.386186, 334, 24.46
R22_in_Montgomery, 38.214167, -81.385047, 335, 24.53
R22_in_Montgomery, 38.214228, -81.383261, 336, 24.62
R22_in_Montgomery, 38.214251, -81.382142, 337, 24.68
R22_in_Montgomery, 38.214156, -81.381228, 338, 24.74
R22_in_Montgomery, 38.213877, -81.380267, 339, 24.79
R22_in_Montgomery, 38.212973, -81.378307, 340, 24.91
R22_in_Montgomery, 38.212363, -81.377058, 341, 24.99
R22_in_Montgomery, 38.211440, -81.375663, 342, 25.09
R22_in_Montgomery, 38.210081, -81.373684, 343, 25.24
R22_in_Montgomery, 38.209069, -81.372265, 344, 25.34
R22_in_Montgomery, 38.208620, -81.371788, 345, 25.38
R22_in_Montgomery, 38.208176, -81.371484, 346, 25.42
R22_in_Montgomery, 38.207720, -81.371233, 347, 25.45
R22_in_Montgomery, 38.206959, -81.370998, 348, 25.50
R22_in_Montgomery, 38.205957, -81.370962, 349, 25.57
R22_in_Montgomery, 38.204544, -81.370949, 350, 25.67
R22_in_Montgomery, 38.203796, -81.370978, 351, 25.72
R22_in_Montgomery, 38.202375, -81.370940, 352, 25.82
R22_in_Montgomery, 38.199513, -81.370874, 353, 26.02
R22_in_Montgomery, 38.198711, -81.370759, 354, 26.07
R22_in_Montgomery, 38.197870, -81.370622, 355, 26.13
R22_in_Montgomery, 38.196766, -81.370182, 356, 26.21
R22_in_Montgomery, 38.195748, -81.369642, 357, 26.29
R22_in_Montgomery, 38.195333, -81.369336, 358, 26.32
R22_in_Montgomery, 38.194792, -81.368905, 359, 26.36
R22_in_Montgomery, 38.193974, -81.368122, 360, 26.44
R22_in_Montgomery, 38.193264, -81.367232, 361, 26.50
R22_in_Montgomery, 38.192699, -81.366144, 362, 26.58
R22_in_Montgomery, 38.192188, -81.364779, 363, 26.66
R22_in_Montgomery, 38.191421, -81.362120, 364, 26.81
R22_in_Montgomery, 38.190653, -81.359448, 365, 26.97
R22_in_Montgomery, 38.189940, -81.356772, 366, 27.12
R22_in_Montgomery, 38.189551, -81.355245, 367, 27.21
R22_in_Montgomery, 38.188994, -81.353832, 368, 27.29
R22_in_Montgomery, 38.188414, -81.352677, 369, 27.37
R22_in_Montgomery, 38.187748, -81.351235, 370, 27.46
R22_in_Montgomery, 38.187407, -81.350332, 371, 27.51
R22_in_Montgomery, 38.186911, -81.348800, 372, 27.60
R22_in_Montgomery, 38.186593, -81.347553, 373, 27.67
R22_in_Montgomery, 38.186024, -81.345391, 374, 27.80
R22_in_Montgomery, 38.185562, -81.343449, 375, 27.91
R22_in_Montgomery, 38.185186, -81.341944, 376, 28.00
R22_in_Montgomery, 38.184780, -81.340529, 377, 28.08
R22_in_Montgomery, 38.184070, -81.337978, 378, 28.22
R22_in_Montgomery, 38.183723, -81.336454, 379, 28.31
R22_in_Montgomery, 38.183569, -81.335119, 380, 28.38
R22_in_Montgomery, 38.183506, -81.333999, 381, 28.45
R22_in_Montgomery, 38.183558, -81.332867, 382, 28.51
R22_in_Montgomery, 38.183719, -81.331760, 383, 28.57
R22_in_Montgomery, 38.184002, -81.330367, 384, 28.65
R22_in_Montgomery, 38.184308, -81.329092, 385, 28.72
R22_in_Montgomery, 38.184684, -81.327551, 386, 28.81
R22_in_Montgomery, 38.184891, -81.326548, 387, 28.86
R22_in_Montgomery, 38.185129, -81.325261, 388, 28.94
R22_in_Montgomery, 38.185323, -81.324108, 389, 29.00
R22_in_Montgomery, 38.185382, -81.323464, 390, 29.04
R22_in_Montgomery, 38.185348, -81.322005, 391, 29.11
R22_in_Montgomery, 38.185339, -81.321300, 392, 29.15
R22_in_Montgomery, 38.185331, -81.320777, 393, 29.18
R22_in_Montgomery, 38.185262, -81.319413, 394, 29.26
R22_in_Montgomery, 38.185036, -81.318054, 395, 29.33
R22_in_Montgomery, 38.184635, -81.316763, 396, 29.41
R22_in_Montgomery, 38.184374, -81.316082, 397, 29.45
R22_in_Montgomery, 38.184232, -81.315698, 398, 29.47
R22_in_Montgomery, 38.183955, -81.315008, 399, 29.51
R22_in_Montgomery, 38.183990, -81.314791, 400, 29.53
R22_in_Montgomery, 38.184079, -81.314664, 401, 29.53
R22_in_Montgomery, 38.184213, -81.314657, 402, 29.54
R22_in_Montgomery, 38.184314, -81.314733, 403, 29.55
R22_in_Montgomery, 38.184412, -81.314885, 404, 29.56
R22_in_Montgomery, 38.184474, -81.315063, 405, 29.57
R22_in_Montgomery, 38.184508, -81.315295, 406, 29.59
R22_in_Montgomery, 38.184468, -81.315562, 407, 29.60
R22_in_Montgomery, 38.184435, -81.315667, 408, 29.61
R22_in_Montgomery, 38.184355, -81.315817, 409, 29.62
R22_in_Montgomery, 38.184218, -81.315939, 410, 29.63
R22_in_Montgomery, 38.184056, -81.316020, 411, 29.64
R22_in_Montgomery, 38.183495, -81.316280, 412, 29.68
R22_in_Montgomery, 38.182448, -81.316806, 413, 29.76
R22_in_Montgomery, 38.181753, -81.317105, 414, 29.81
R22_in_Montgomery, 38.181391, -81.317288, 415, 29.84
R22_in_Montgomery, 38.180836, -81.317598, 416, 29.88
R22_in_Montgomery, 38.180783, -81.317676, 417, 29.88
R22_in_Montgomery, 38.180699, -81.317816, 418, 29.89
R22_in_Montgomery, 38.180784, -81.318456, 419, 29.93
R22_in_Montgomery, 38.180846, -81.319120, 420, 29.97
R22_in_Montgomery, 38.180893, -81.319718, 421, 30.00
R22_in_Montgomery, 38.180846, -81.322554, 422, 30.15
R22_in_Montgomery, 38.180823, -81.323943, 423, 30.23
