shape_id,shape_pt_lat,shape_pt_lon,shape_pt_sequence,shape_dist_traveled
R23_out_Clendenin, 38.351828, -81.635531, 1, 0.00
R23_out_Clendenin, 38.351407, -81.636268, 2, 0.05
R23_out_Clendenin, 38.351259, -81.636623, 3, 0.07
R23_out_Clendenin, 38.351908, -81.637340, 4, 0.13
R23_out_Clendenin, 38.353195, -81.638935, 5, 0.25
R23_out_Clendenin, 38.354334, -81.640453, 6, 0.37
R23_out_Clendenin, 38.354884, -81.639769, 7, 0.42
R23_out_Clendenin, 38.355405, -81.639114, 8, 0.47
R23_out_Clendenin, 38.355835, -81.638623, 9, 0.51
R23_out_Clendenin, 38.356404, -81.638046, 10, 0.56
R23_out_Clendenin, 38.357034, -81.639111, 11, 0.63
R23_out_Clendenin, 38.357547, -81.639484, 12, 0.68
R23_out_Clendenin, 38.358355, -81.639995, 13, 0.74
R23_out_Clendenin, 38.359046, -81.640279, 14, 0.79
R23_out_Clendenin, 38.359377, -81.639205, 15, 0.85
R23_out_Clendenin, 38.359779, -81.638006, 16, 0.92
R23_out_Clendenin, 38.359849, -81.637573, 17, 0.95
R23_out_Clendenin, 38.359894, -81.635605, 18, 1.05
R23_out_Clendenin, 38.359874, -81.633832, 19, 1.15
R23_out_Clendenin, 38.359833, -81.632219, 20, 1.24
R23_out_Clendenin, 38.359789, -81.631090, 21, 1.30
R23_out_Clendenin, 38.359757, -81.630180, 22, 1.35
R23_out_Clendenin, 38.359769, -81.629989, 23, 1.36
R23_out_Clendenin, 38.359909, -81.629781, 24, 1.37
R23_out_Clendenin, 38.359980, -81.629429, 25, 1.39
R23_out_Clendenin, 38.360379, -81.628346, 26, 1.46
R23_out_Clendenin, 38.360778, -81.627421, 27, 1.51
R23_out_Clendenin, 38.360725, -81.624611, 28, 1.67
R23_out_Clendenin, 38.360745, -81.624165, 29, 1.69
R23_out_Clendenin, 38.361267, -81.623001, 30, 1.76
R23_out_Clendenin, 38.361339, -81.622805, 31, 1.78
R23_out_Clendenin, 38.361585, -81.621107, 32, 1.87
R23_out_Clendenin, 38.363013, -81.617067, 33, 2.11
R23_out_Clendenin, 38.364308, -81.613118, 34, 2.34
R23_out_Clendenin, 38.365769, -81.611854, 35, 2.46
R23_out_Clendenin, 38.366646, -81.610920, 36, 2.54
R23_out_Clendenin, 38.367736, -81.609803, 37, 2.64
R23_out_Clendenin, 38.368719, -81.608971, 38, 2.72
R23_out_Clendenin, 38.369922, -81.608097, 39, 2.82
R23_out_Clendenin, 38.372313, -81.606594, 40, 3.00
R23_out_Clendenin, 38.374296, -81.605328, 41, 3.15
R23_out_Clendenin, 38.375750, -81.604341, 42, 3.27
R23_out_Clendenin, 38.377619, -81.602803, 43, 3.42
R23_out_Clendenin, 38.379978, -81.600952, 44, 3.61
R23_out_Clendenin, 38.381248, -81.599503, 45, 3.73
R23_out_Clendenin, 38.382249, -81.597885, 46, 3.84
R23_out_Clendenin, 38.382852, -81.596489, 47, 3.93
R23_out_Clendenin, 38.383534, -81.594631, 48, 4.04
R23_out_Clendenin, 38.383809, -81.594123, 49, 4.07
R23_out_Clendenin, 38.384403, -81.593714, 50, 4.12
R23_out_Clendenin, 38.384946, -81.593530, 51, 4.16
R23_out_Clendenin, 38.385682, -81.593517, 52, 4.21
R23_out_Clendenin, 38.386635, -81.593934, 53, 4.28
R23_out_Clendenin, 38.387532, -81.593974, 54, 4.34
R23_out_Clendenin, 38.388098, -81.593803, 55, 4.38
R23_out_Clendenin, 38.389375, -81.593129, 56, 4.48
R23_out_Clendenin, 38.389953, -81.592795, 57, 4.52
R23_out_Clendenin, 38.390955, -81.592574, 58, 4.59
R23_out_Clendenin, 38.391263, -81.592308, 59, 4.62
R23_out_Clendenin, 38.391993, -81.591062, 60, 4.70
R23_out_Clendenin, 38.392856, -81.589431, 61, 4.81
R23_out_Clendenin, 38.393632, -81.588190, 62, 4.89
R23_out_Clendenin, 38.394041, -81.587536, 63, 4.94
R23_out_Clendenin, 38.394746, -81.586937, 64, 5.00
R23_out_Clendenin, 38.396583, -81.585585, 65, 5.14
R23_out_Clendenin, 38.397929, -81.584582, 66, 5.25
R23_out_Clendenin, 38.398807, -81.583977, 67, 5.32
R23_out_Clendenin, 38.399337, -81.583546, 68, 5.36
R23_out_Clendenin, 38.399817, -81.582972, 69, 5.41
R23_out_Clendenin, 38.400133, -81.582346, 70, 5.45
R23_out_Clendenin, 38.400357, -81.581696, 71, 5.49
R23_out_Clendenin, 38.400449, -81.580888, 72, 5.53
R23_out_Clendenin, 38.400448, -81.579234, 73, 5.62
R23_out_Clendenin, 38.400508, -81.577256, 74, 5.73
R23_out_Clendenin, 38.400557, -81.575799, 75, 5.81
R23_out_Clendenin, 38.400475, -81.575071, 76, 5.85
R23_out_Clendenin, 38.399913, -81.573518, 77, 5.94
R23_out_Clendenin, 38.398963, -81.571653, 78, 6.06
R23_out_Clendenin, 38.398111, -81.570258, 79, 6.16
R23_out_Clendenin, 38.397232, -81.568575, 80, 6.27
R23_out_Clendenin, 38.396512, -81.567273, 81, 6.35
R23_out_Clendenin, 38.396299, -81.566372, 82, 6.40
R23_out_Clendenin, 38.396157, -81.565141, 83, 6.47
R23_out_Clendenin, 38.396144, -81.562906, 84, 6.59
R23_out_Clendenin, 38.396246, -81.561436, 85, 6.67
R23_out_Clendenin, 38.397035, -81.558994, 86, 6.82
R23_out_Clendenin, 38.397872, -81.557203, 87, 6.93
R23_out_Clendenin, 38.398768, -81.555851, 88, 7.03
R23_out_Clendenin, 38.399803, -81.554170, 89, 7.14
R23_out_Clendenin, 38.400381, -81.553237, 90, 7.21
R23_out_Clendenin, 38.401019, -81.551878, 91, 7.29
R23_out_Clendenin, 38.401652, -81.550596, 92, 7.37
R23_out_Clendenin, 38.402790, -81.549559, 93, 7.47
R23_out_Clendenin, 38.404014, -81.548515, 94, 7.57
R23_out_Clendenin, 38.404727, -81.547616, 95, 7.64
R23_out_Clendenin, 38.405002, -81.546939, 96, 7.68
R23_out_Clendenin, 38.405430, -81.545831, 97, 7.75
R23_out_Clendenin, 38.405745, -81.544673, 98, 7.82
R23_out_Clendenin, 38.405914, -81.543702, 99, 7.87
R23_out_Clendenin, 38.406057, -81.542048, 100, 7.96
R23_out_Clendenin, 38.406182, -81.540699, 101, 8.03
R23_out_Clendenin, 38.406219, -81.539288, 102, 8.11
R23_out_Clendenin, 38.405826, -81.537969, 103, 8.19
R23_out_Clendenin, 38.405634, -81.536729, 104, 8.26
R23_out_Clendenin, 38.405539, -81.534974, 105, 8.35
R23_out_Clendenin, 38.405335, -81.533091, 106, 8.45
R23_out_Clendenin, 38.405501, -81.530462, 107, 8.60
R23_out_Clendenin, 38.405756, -81.528824, 108, 8.69
R23_out_Clendenin, 38.406257, -81.526800, 109, 8.80
R23_out_Clendenin, 38.406670, -81.525352, 110, 8.89
R23_out_Clendenin, 38.407227, -81.524014, 111, 8.97
R23_out_Clendenin, 38.408340, -81.521615, 112, 9.12
R23_out_Clendenin, 38.408431, -81.520989, 113, 9.15
R23_out_Clendenin, 38.408451, -81.519946, 114, 9.21
R23_out_Clendenin, 38.408532, -81.519227, 115, 9.25
R23_out_Clendenin, 38.408716, -81.518236, 116, 9.31
R23_out_Clendenin, 38.408990, -81.516752, 117, 9.39
R23_out_Clendenin, 38.409109, -81.514194, 118, 9.53
R23_out_Clendenin, 38.409117, -81.512685, 119, 9.61
R23_out_Clendenin, 38.409481, -81.509905, 120, 9.76
R23_out_Clendenin, 38.409928, -81.508436, 121, 9.85
R23_out_Clendenin, 38.410560, -81.507024, 122, 9.94
R23_out_Clendenin, 38.412517, -81.502876, 123, 10.20
R23_out_Clendenin, 38.413294, -81.501090, 124, 10.31
R23_out_Clendenin, 38.414197, -81.498629, 125, 10.46
R23_out_Clendenin, 38.414827, -81.496937, 126, 10.56
R23_out_Clendenin, 38.415560, -81.495580, 127, 10.65
R23_out_Clendenin, 38.416271, -81.494816, 128, 10.71
R23_out_Clendenin, 38.418616, -81.493659, 129, 10.89
R23_out_Clendenin, 38.421779, -81.492055, 130, 11.12
R23_out_Clendenin, 38.424621, -81.490657, 131, 11.33
R23_out_Clendenin, 38.426889, -81.489568, 132, 11.50
R23_out_Clendenin, 38.427888, -81.489201, 133, 11.57
R23_out_Clendenin, 38.428714, -81.489133, 134, 11.63
R23_out_Clendenin, 38.431131, -81.489181, 135, 11.79
R23_out_Clendenin, 38.435715, -81.489379, 136, 12.11
R23_out_Clendenin, 38.437039, -81.489324, 137, 12.20
R23_out_Clendenin, 38.437663, -81.489077, 138, 12.25
R23_out_Clendenin, 38.438111, -81.488711, 139, 12.28
R23_out_Clendenin, 38.438865, -81.487981, 140, 12.35
R23_out_Clendenin, 38.439960, -81.486917, 141, 12.44
R23_out_Clendenin, 38.440825, -81.485793, 142, 12.53
R23_out_Clendenin, 38.442109, -81.483971, 143, 12.66
R23_out_Clendenin, 38.442527, -81.482858, 144, 12.73
R23_out_Clendenin, 38.442652, -81.482131, 145, 12.77
R23_out_Clendenin, 38.442645, -81.481430, 146, 12.81
R23_out_Clendenin, 38.442667, -81.480700, 147, 12.85
R23_out_Clendenin, 38.442820, -81.480178, 148, 12.88
R23_out_Clendenin, 38.443011, -81.480229, 149, 12.89
R23_out_Clendenin, 38.443638, -81.480473, 150, 12.94
R23_out_Clendenin, 38.444120, -81.480678, 151, 12.97
R23_out_Clendenin, 38.444586, -81.480815, 152, 13.00
R23_out_Clendenin, 38.445363, -81.480951, 153, 13.06
R23_out_Clendenin, 38.446047, -81.481039, 154, 13.11
R23_out_Clendenin, 38.446585, -81.481311, 155, 13.14
R23_out_Clendenin, 38.447001, -81.481621, 156, 13.18
R23_out_Clendenin, 38.447364, -81.482008, 157, 13.21
R23_out_Clendenin, 38.447776, -81.482600, 158, 13.25
R23_out_Clendenin, 38.448079, -81.483228, 159, 13.29
R23_out_Clendenin, 38.448276, -81.483834, 160, 13.33
R23_out_Clendenin, 38.448523, -81.485485, 161, 13.42
R23_out_Clendenin, 38.448797, -81.487039, 162, 13.51
R23_out_Clendenin, 38.448974, -81.487694, 163, 13.54
R23_out_Clendenin, 38.449276, -81.488381, 164, 13.59
R23_out_Clendenin, 38.449738, -81.489062, 165, 13.64
R23_out_Clendenin, 38.450393, -81.489672, 166, 13.69
R23_out_Clendenin, 38.451517, -81.490752, 167, 13.79
R23_out_Clendenin, 38.452510, -81.491798, 168, 13.88
R23_out_Clendenin, 38.453462, -81.492395, 169, 13.95
R23_out_Clendenin, 38.454366, -81.492868, 170, 14.02
R23_out_Clendenin, 38.454891, -81.493294, 171, 14.06
R23_out_Clendenin, 38.455331, -81.493771, 172, 14.10
R23_out_Clendenin, 38.455661, -81.494318, 173, 14.14
R23_out_Clendenin, 38.455984, -81.494966, 174, 14.18
R23_out_Clendenin, 38.456342, -81.495718, 175, 14.23
R23_out_Clendenin, 38.456717, -81.496364, 176, 14.27
R23_out_Clendenin, 38.457050, -81.496703, 177, 14.30
R23_out_Clendenin, 38.457375, -81.496926, 178, 14.33
R23_out_Clendenin, 38.457170, -81.497291, 179, 14.35
R23_out_Clendenin, 38.456763, -81.497655, 180, 14.39
R23_out_Clendenin, 38.457064, -81.498495, 181, 14.44
R23_out_Clendenin, 38.457335, -81.498881, 182, 14.46
R23_out_Clendenin, 38.457507, -81.499050, 183, 14.48
R23_out_Clendenin, 38.457792, -81.498999, 184, 14.50
R23_out_Clendenin, 38.458227, -81.498604, 185, 14.54
R23_out_Clendenin, 38.458725, -81.498002, 186, 14.58
R23_out_Clendenin, 38.458837, -81.497964, 187, 14.59
R23_out_Clendenin, 38.459349, -81.498474, 188, 14.64
R23_out_Clendenin, 38.458142, -81.499938, 189, 14.75
R23_out_Clendenin, 38.457395, -81.499032, 190, 14.82
R23_out_Clendenin, 38.457162, -81.498760, 191, 14.84
R23_out_Clendenin, 38.456808, -81.497898, 192, 14.90
R23_out_Clendenin, 38.456710, -81.497665, 193, 14.91
R23_out_Clendenin, 38.457057, -81.497367, 194, 14.94
R23_out_Clendenin, 38.457246, -81.497205, 195, 14.96
R23_out_Clendenin, 38.457322, -81.496916, 196, 14.97
R23_out_Clendenin, 38.456959, -81.496635, 197, 15.00
R23_out_Clendenin, 38.456657, -81.496287, 198, 15.03
R23_out_Clendenin, 38.456290, -81.495583, 199, 15.07
R23_out_Clendenin, 38.455693, -81.494397, 200, 15.15
R23_out_Clendenin, 38.455388, -81.493873, 201, 15.19
R23_out_Clendenin, 38.454919, -81.493358, 202, 15.23
R23_out_Clendenin, 38.454424, -81.492922, 203, 15.27
R23_out_Clendenin, 38.453927, -81.492640, 204, 15.31
R23_out_Clendenin, 38.453301, -81.492318, 205, 15.35
R23_out_Clendenin, 38.452688, -81.491917, 206, 15.40
R23_out_Clendenin, 38.452295, -81.491616, 207, 15.43
R23_out_Clendenin, 38.451652, -81.490887, 208, 15.49
R23_out_Clendenin, 38.450808, -81.490121, 209, 15.57
R23_out_Clendenin, 38.450011, -81.489309, 210, 15.64
R23_out_Clendenin, 38.449601, -81.488874, 211, 15.67
R23_out_Clendenin, 38.449212, -81.488255, 212, 15.72
R23_out_Clendenin, 38.448924, -81.487511, 213, 15.76
R23_out_Clendenin, 38.448691, -81.486467, 214, 15.82
R23_out_Clendenin, 38.448485, -81.485337, 215, 15.88
R23_out_Clendenin, 38.448292, -81.484061, 216, 15.95
R23_out_Clendenin, 38.448240, -81.483721, 217, 15.97
R23_out_Clendenin, 38.447878, -81.482814, 218, 16.03
R23_out_Clendenin, 38.447625, -81.482373, 219, 16.06
R23_out_Clendenin, 38.447247, -81.481918, 220, 16.09
R23_out_Clendenin, 38.446830, -81.481473, 221, 16.13
R23_out_Clendenin, 38.446451, -81.481241, 222, 16.16
R23_out_Clendenin, 38.445987, -81.481057, 223, 16.19
R23_out_Clendenin, 38.445477, -81.480960, 224, 16.23
R23_out_Clendenin, 38.444889, -81.480864, 225, 16.27
R23_out_Clendenin, 38.444208, -81.480708, 226, 16.32
R23_out_Clendenin, 38.443756, -81.480543, 227, 16.35
R23_out_Clendenin, 38.443236, -81.480279, 228, 16.39
R23_out_Clendenin, 38.442803, -81.480143, 229, 16.42
R23_out_Clendenin, 38.443030, -81.479363, 230, 16.46
R23_out_Clendenin, 38.443303, -81.478322, 231, 16.52
R23_out_Clendenin, 38.443587, -81.477331, 232, 16.58
R23_out_Clendenin, 38.443731, -81.476484, 233, 16.63
R23_out_Clendenin, 38.444277, -81.473256, 234, 16.81
R23_out_Clendenin, 38.444689, -81.471058, 235, 16.93
R23_out_Clendenin, 38.444999, -81.469412, 236, 17.02
R23_out_Clendenin, 38.445192, -81.468127, 237, 17.09
R23_out_Clendenin, 38.445438, -81.466977, 238, 17.16
R23_out_Clendenin, 38.445744, -81.466167, 239, 17.20
R23_out_Clendenin, 38.446050, -81.465450, 240, 17.25
R23_out_Clendenin, 38.446916, -81.463951, 241, 17.35
R23_out_Clendenin, 38.447966, -81.462266, 242, 17.47
R23_out_Clendenin, 38.448943, -81.460628, 243, 17.58
R23_out_Clendenin, 38.449692, -81.459336, 244, 17.67
R23_out_Clendenin, 38.450228, -81.458303, 245, 17.73
R23_out_Clendenin, 38.450729, -81.457511, 246, 17.79
R23_out_Clendenin, 38.451255, -81.456624, 247, 17.85
R23_out_Clendenin, 38.452365, -81.455391, 248, 17.95
R23_out_Clendenin, 38.453660, -81.454128, 249, 18.06
R23_out_Clendenin, 38.455464, -81.452329, 250, 18.22
R23_out_Clendenin, 38.458951, -81.450316, 251, 18.48
R23_out_Clendenin, 38.460402, -81.449242, 252, 18.60
R23_out_Clendenin, 38.461712, -81.448271, 253, 18.70
R23_out_Clendenin, 38.462702, -81.447516, 254, 18.78
R23_out_Clendenin, 38.463422, -81.446964, 255, 18.84
R23_out_Clendenin, 38.463861, -81.446359, 256, 18.89
R23_out_Clendenin, 38.464119, -81.445917, 257, 18.92
R23_out_Clendenin, 38.464535, -81.445105, 258, 18.97
R23_out_Clendenin, 38.464858, -81.444463, 259, 19.01
R23_out_Clendenin, 38.465538, -81.442826, 260, 19.11
R23_out_Clendenin, 38.466078, -81.441663, 261, 19.18
R23_out_Clendenin, 38.466561, -81.439920, 262, 19.28
R23_out_Clendenin, 38.466753, -81.438423, 263, 19.37
R23_out_Clendenin, 38.466813, -81.437145, 264, 19.44
R23_out_Clendenin, 38.466663, -81.435823, 265, 19.51
R23_out_Clendenin, 38.466343, -81.433974, 266, 19.61
R23_out_Clendenin, 38.465769, -81.431952, 267, 19.73
R23_out_Clendenin, 38.465333, -81.430680, 268, 19.80
R23_out_Clendenin, 38.464098, -81.428604, 269, 19.94
R23_out_Clendenin, 38.463200, -81.427410, 270, 20.03
R23_out_Clendenin, 38.462199, -81.426081, 271, 20.13
R23_out_Clendenin, 38.461407, -81.425168, 272, 20.21
R23_out_Clendenin, 38.460622, -81.423903, 273, 20.29
R23_out_Clendenin, 38.459870, -81.422614, 274, 20.38
R23_out_Clendenin, 38.459545, -81.421213, 275, 20.46
R23_out_Clendenin, 38.459487, -81.419927, 276, 20.53
R23_out_Clendenin, 38.459927, -81.417834, 277, 20.65
R23_out_Clendenin, 38.460564, -81.415324, 278, 20.79
R23_out_Clendenin, 38.461374, -81.412895, 279, 20.93
R23_out_Clendenin, 38.462024, -81.410485, 280, 21.07
R23_out_Clendenin, 38.462939, -81.407694, 281, 21.24
R23_out_Clendenin, 38.463610, -81.406208, 282, 21.33
R23_out_Clendenin, 38.464576, -81.405057, 283, 21.42
R23_out_Clendenin, 38.466627, -81.403280, 284, 21.59
R23_out_Clendenin, 38.468882, -81.401631, 285, 21.77
R23_out_Clendenin, 38.471445, -81.399671, 286, 21.98
R23_out_Clendenin, 38.472230, -81.399023, 287, 22.04
R23_out_Clendenin, 38.473141, -81.396994, 288, 22.17
R23_out_Clendenin, 38.473787, -81.395267, 289, 22.27
R23_out_Clendenin, 38.474374, -81.392415, 290, 22.43
R23_out_Clendenin, 38.474755, -81.389754, 291, 22.58
R23_out_Clendenin, 38.475077, -81.386457, 292, 22.76
R23_out_Clendenin, 38.475258, -81.382583, 293, 22.97
R23_out_Clendenin, 38.475432, -81.379399, 294, 23.14
R23_out_Clendenin, 38.475696, -81.377264, 295, 23.26
R23_out_Clendenin, 38.476282, -81.375317, 296, 23.37
R23_out_Clendenin, 38.477221, -81.373629, 297, 23.49
R23_out_Clendenin, 38.478864, -81.370858, 298, 23.67
R23_out_Clendenin, 38.480277, -81.368745, 299, 23.82
R23_out_Clendenin, 38.481479, -81.367046, 300, 23.95
R23_out_Clendenin, 38.482295, -81.365619, 301, 24.04
R23_out_Clendenin, 38.483087, -81.364155, 302, 24.14
R23_out_Clendenin, 38.483547, -81.362792, 303, 24.22
R23_out_Clendenin, 38.484404, -81.360808, 304, 24.34
R23_out_Clendenin, 38.485027, -81.359134, 305, 24.44
R23_out_Clendenin, 38.485670, -81.357809, 306, 24.53
R23_out_Clendenin, 38.486873, -81.356127, 307, 24.65
R23_out_Clendenin, 38.488156, -81.354274, 308, 24.79
R23_out_Clendenin, 38.488500, -81.353722, 309, 24.82
R23_out_Clendenin, 38.488680, -81.353222, 310, 24.85
R23_out_Clendenin, 38.487933, -81.352768, 311, 24.91
R23_out_Clendenin, 38.487325, -81.352374, 312, 24.96
R23_out_Clendenin, 38.487176, -81.352234, 313, 24.97
R23_out_Clendenin, 38.487183, -81.352027, 314, 24.98
R23_out_Clendenin, 38.487402, -81.351369, 315, 25.02
R23_out_Clendenin, 38.487866, -81.350282, 316, 25.09
R23_out_Clendenin, 38.488253, -81.349647, 317, 25.13
R23_out_Clendenin, 38.488451, -81.349170, 318, 25.16
R23_out_Clendenin, 38.488766, -81.348107, 319, 25.22
R23_out_Clendenin, 38.488735, -81.347822, 320, 25.24
R23_out_Clendenin, 38.488928, -81.347012, 321, 25.28
R23_out_Clendenin, 38.489060, -81.346104, 322, 25.33
