shape_id,shape_pt_lat,shape_pt_lon,shape_pt_sequence,shape_dist_traveled
R1_out_OrdPk_60-35, 38.351838, -81.635520, 1, 0.00
R1_out_OrdPk_60-35, 38.351682, -81.635744, 2, 0.02
R1_out_OrdPk_60-35, 38.351435, -81.636205, 3, 0.05
R1_out_OrdPk_60-35, 38.351294, -81.636506, 4, 0.07
R1_out_OrdPk_60-35, 38.351269, -81.636647, 5, 0.07
R1_out_OrdPk_60-35, 38.352028, -81.637487, 6, 0.14
R1_out_OrdPk_60-35, 38.353172, -81.638925, 7, 0.25
R1_out_OrdPk_60-35, 38.354335, -81.640473, 8, 0.37
R1_out_OrdPk_60-35, 38.355539, -81.642107, 9, 0.49
R1_out_OrdPk_60-35, 38.356270, -81.642820, 10, 0.56
R1_out_OrdPk_60-35, 38.357024, -81.643484, 11, 0.62
R1_out_OrdPk_60-35, 38.357907, -81.644307, 12, 0.69
R1_out_OrdPk_60-35, 38.360122, -81.646074, 13, 0.87
R1_out_OrdPk_60-35, 38.361588, -81.647258, 14, 0.99
R1_out_OrdPk_60-35, 38.362346, -81.647874, 15, 1.06
R1_out_OrdPk_60-35, 38.361903, -81.648798, 16, 1.12
R1_out_OrdPk_60-35, 38.361984, -81.648888, 17, 1.12
R1_out_OrdPk_60-35, 38.362592, -81.650188, 18, 1.20
R1_out_OrdPk_60-35, 38.364573, -81.654332, 19, 1.47
R1_out_OrdPk_60-35, 38.365450, -81.656148, 20, 1.58
R1_out_OrdPk_60-35, 38.366545, -81.658404, 21, 1.73
R1_out_OrdPk_60-35, 38.366916, -81.659306, 22, 1.78
R1_out_OrdPk_60-35, 38.366837, -81.659999, 23, 1.82
R1_out_OrdPk_60-35, 38.366898, -81.660228, 24, 1.83
R1_out_OrdPk_60-35, 38.366962, -81.660370, 25, 1.84
R1_out_OrdPk_60-35, 38.368535, -81.663725, 26, 2.05
R1_out_OrdPk_60-35, 38.369742, -81.666331, 27, 2.22
R1_out_OrdPk_60-35, 38.369303, -81.666676, 28, 2.25
R1_out_OrdPk_60-35, 38.368019, -81.667487, 29, 2.35
R1_out_OrdPk_60-35, 38.366621, -81.668333, 30, 2.46
R1_out_OrdPk_60-35, 38.365341, -81.669145, 31, 2.56
R1_out_OrdPk_60-35, 38.364550, -81.669608, 32, 2.62
R1_out_OrdPk_60-35, 38.363800, -81.670088, 33, 2.68
R1_out_OrdPk_60-35, 38.363711, -81.670151, 34, 2.68
R1_out_OrdPk_60-35, 38.363453, -81.670522, 35, 2.71
R1_out_OrdPk_60-35, 38.363351, -81.670979, 36, 2.74
R1_out_OrdPk_60-35, 38.363371, -81.671237, 37, 2.75
R1_out_OrdPk_60-35, 38.363919, -81.673244, 38, 2.87
R1_out_OrdPk_60-35, 38.365124, -81.677574, 39, 3.12
R1_out_OrdPk_60-35, 38.365709, -81.679535, 40, 3.23
R1_out_OrdPk_60-35, 38.366395, -81.681662, 41, 3.35
R1_out_OrdPk_60-35, 38.367038, -81.683665, 42, 3.47
R1_out_OrdPk_60-35, 38.367368, -81.684780, 43, 3.54
R1_out_OrdPk_60-35, 38.367760, -81.686815, 44, 3.65
R1_out_OrdPk_60-35, 38.368232, -81.689579, 45, 3.80
R1_out_OrdPk_60-35, 38.369146, -81.694916, 46, 4.10
R1_out_OrdPk_60-35, 38.369449, -81.696621, 47, 4.20
R1_out_OrdPk_60-35, 38.369422, -81.697111, 48, 4.22
R1_out_OrdPk_60-35, 38.369127, -81.697827, 49, 4.27
R1_out_OrdPk_60-35, 38.368456, -81.699185, 50, 4.35
R1_out_OrdPk_60-35, 38.366582, -81.703246, 51, 4.61
R1_out_OrdPk_60-35, 38.364279, -81.708216, 52, 4.92
R1_out_OrdPk_60-35, 38.364118, -81.708875, 53, 4.96
R1_out_OrdPk_60-35, 38.364224, -81.710502, 54, 5.05
R1_out_OrdPk_60-35, 38.364224, -81.711071, 55, 5.08
R1_out_OrdPk_60-35, 38.364054, -81.711800, 56, 5.12
R1_out_OrdPk_60-35, 38.363402, -81.713143, 57, 5.21
R1_out_OrdPk_60-35, 38.363142, -81.713696, 58, 5.24
R1_out_OrdPk_60-35, 38.362722, -81.714276, 59, 5.28
R1_out_OrdPk_60-35, 38.362079, -81.714800, 60, 5.34
R1_out_OrdPk_60-35, 38.361659, -81.715039, 61, 5.37
R1_out_OrdPk_60-35, 38.360882, -81.715517, 62, 5.43
R1_out_OrdPk_60-35, 38.360383, -81.715757, 63, 5.46
R1_out_OrdPk_60-35, 38.359972, -81.716132, 64, 5.50
R1_out_OrdPk_60-35, 38.359659, -81.716462, 65, 5.53
R1_out_OrdPk_60-35, 38.359248, -81.716962, 66, 5.57
R1_out_OrdPk_60-35, 38.358926, -81.717565, 67, 5.61
R1_out_OrdPk_60-35, 38.358657, -81.718215, 68, 5.65
R1_out_OrdPk_60-35, 38.358201, -81.719855, 69, 5.74
R1_out_OrdPk_60-35, 38.357905, -81.720592, 70, 5.79
R1_out_OrdPk_60-35, 38.356816, -81.723212, 71, 5.95
R1_out_OrdPk_60-35, 38.356101, -81.725307, 72, 6.07
R1_out_OrdPk_60-35, 38.355251, -81.727715, 73, 6.21
R1_out_OrdPk_60-35, 38.354912, -81.729457, 74, 6.31
R1_out_OrdPk_60-35, 38.354134, -81.733867, 75, 6.56
R1_out_OrdPk_60-35, 38.353901, -81.735303, 76, 6.64
R1_out_OrdPk_60-35, 38.353775, -81.738656, 77, 6.82
R1_out_OrdPk_60-35, 38.353739, -81.744057, 78, 7.11
R1_out_OrdPk_60-35, 38.353756, -81.745631, 79, 7.20
R1_out_OrdPk_60-35, 38.353890, -81.746551, 80, 7.25
R1_out_OrdPk_60-35, 38.354621, -81.748733, 81, 7.38
R1_out_OrdPk_60-35, 38.355608, -81.751276, 82, 7.53
R1_out_OrdPk_60-35, 38.356388, -81.752772, 83, 7.63
R1_out_OrdPk_60-35, 38.358045, -81.755599, 84, 7.82
R1_out_OrdPk_60-35, 38.358817, -81.756925, 85, 7.91
R1_out_OrdPk_60-35, 38.359818, -81.758128, 86, 8.00
R1_out_OrdPk_60-35, 38.361850, -81.759946, 87, 8.18
R1_out_OrdPk_60-35, 38.363720, -81.761654, 88, 8.33
R1_out_OrdPk_60-35, 38.367031, -81.764640, 89, 8.61
R1_out_OrdPk_60-35, 38.368746, -81.766261, 90, 8.76
R1_out_OrdPk_60-35, 38.369159, -81.766714, 91, 8.80
R1_out_OrdPk_60-35, 38.369727, -81.767464, 92, 8.86
R1_out_OrdPk_60-35, 38.371953, -81.771156, 93, 9.11
R1_out_OrdPk_60-35, 38.372367, -81.771955, 94, 9.16
R1_out_OrdPk_60-35, 38.373388, -81.774615, 95, 9.32
R1_out_OrdPk_60-35, 38.374213, -81.776705, 96, 9.45
R1_out_OrdPk_60-35, 38.374414, -81.777282, 97, 9.48
R1_out_OrdPk_60-35, 38.374712, -81.778497, 98, 9.55
R1_out_OrdPk_60-35, 38.374912, -81.779250, 99, 9.59
R1_out_OrdPk_60-35, 38.375105, -81.780119, 100, 9.64
R1_out_OrdPk_60-35, 38.375438, -81.781505, 101, 9.72
R1_out_OrdPk_60-35, 38.375764, -81.782756, 102, 9.79
R1_out_OrdPk_60-35, 38.376481, -81.784655, 103, 9.91
R1_out_OrdPk_60-35, 38.379165, -81.790204, 104, 10.26
R1_out_OrdPk_60-35, 38.380878, -81.793765, 105, 10.49
R1_out_OrdPk_60-35, 38.382254, -81.796615, 106, 10.67
R1_out_OrdPk_60-35, 38.384115, -81.803018, 107, 11.04
R1_out_OrdPk_60-35, 38.385490, -81.807844, 108, 11.32
R1_out_OrdPk_60-35, 38.386464, -81.812002, 109, 11.56
R1_out_OrdPk_60-35, 38.387616, -81.820074, 110, 12.00
R1_out_OrdPk_60-35, 38.388148, -81.823775, 111, 12.20
R1_out_OrdPk_60-35, 38.388407, -81.826894, 112, 12.37
R1_out_OrdPk_60-35, 38.388542, -81.829473, 113, 12.52
R1_out_OrdPk_60-35, 38.388889, -81.831236, 114, 12.61
R1_out_OrdPk_60-35, 38.389490, -81.833672, 115, 12.75
R1_out_OrdPk_60-35, 38.389802, -81.834866, 116, 12.82
R1_out_OrdPk_60-35, 38.388669, -81.835305, 117, 12.90
R1_out_OrdPk_60-35, 38.387896, -81.835631, 118, 12.96
R1_out_OrdPk_60-35, 38.387395, -81.835820, 119, 12.99
R1_out_OrdPk_60-35, 38.386443, -81.836206, 120, 13.06
R1_out_OrdPk_60-35, 38.386136, -81.835065, 121, 13.13
R1_out_OrdPk_60-35, 38.385771, -81.835234, 122, 13.16
R1_out_OrdPk_60-35, 38.385879, -81.835542, 123, 13.17
R1_out_OrdPk_60-35, 38.386225, -81.835399, 124, 13.20
R1_out_OrdPk_60-35, 38.387180, -81.838353, 125, 13.37
R1_out_OrdPk_60-35, 38.389305, -81.838302, 126, 13.52
R1_out_OrdPk_60-35, 38.390732, -81.838325, 127, 13.62
R1_out_OrdPk_60-35, 38.391629, -81.840051, 128, 13.73
R1_out_OrdPk_60-35, 38.393429, -81.843049, 129, 13.93
R1_out_OrdPk_60-35, 38.394936, -81.845606, 130, 14.11
R1_out_OrdPk_60-35, 38.395295, -81.846141, 131, 14.15
R1_out_OrdPk_60-35, 38.395936, -81.847418, 132, 14.23
R1_out_OrdPk_60-35, 38.396455, -81.848654, 133, 14.30
R1_out_OrdPk_60-35, 38.396852, -81.850071, 134, 14.39
R1_out_OrdPk_60-35, 38.397015, -81.850850, 135, 14.43
R1_out_OrdPk_60-35, 38.396621, -81.854540, 136, 14.63
R1_out_OrdPk_60-35, 38.396484, -81.853612, 137, 14.68
R1_out_OrdPk_60-35, 38.395832, -81.852550, 138, 14.76
R1_out_OrdPk_60-35, 38.395290, -81.852111, 139, 14.80
R1_out_OrdPk_60-35, 38.394212, -81.851295, 140, 14.89
R1_out_OrdPk_60-35, 38.393526, -81.850763, 141, 14.94
R1_out_OrdPk_60-35, 38.392556, -81.849954, 142, 15.02
R1_out_OrdPk_60-35, 38.392140, -81.849219, 143, 15.07
R1_out_OrdPk_60-35, 38.391767, -81.848595, 144, 15.11
R1_out_OrdPk_60-35, 38.390785, -81.847546, 145, 15.20
R1_out_OrdPk_60-35, 38.389519, -81.846297, 146, 15.31
R1_out_OrdPk_60-35, 38.388293, -81.844891, 147, 15.43
R1_out_OrdPk_60-35, 38.387081, -81.843522, 148, 15.54
R1_out_OrdPk_60-35, 38.386269, -81.842282, 149, 15.63
R1_out_OrdPk_60-35, 38.386145, -81.841925, 150, 15.65
R1_out_OrdPk_60-35, 38.386093, -81.839850, 151, 15.76
R1_out_OrdPk_60-35, 38.386092, -81.839736, 152, 15.77
R1_out_OrdPk_60-35, 38.386148, -81.839646, 153, 15.77
R1_out_OrdPk_60-35, 38.386223, -81.839589, 154, 15.78
R1_out_OrdPk_60-35, 38.386512, -81.839580, 155, 15.80
R1_out_OrdPk_60-35, 38.387009, -81.839555, 156, 15.83
R1_out_OrdPk_60-35, 38.387221, -81.839395, 157, 15.85
R1_out_OrdPk_60-35, 38.387236, -81.839095, 158, 15.87
R1_out_OrdPk_60-35, 38.387074, -81.837837, 159, 15.94
R1_out_OrdPk_60-35, 38.386505, -81.836432, 160, 16.02
R1_out_OrdPk_60-35, 38.386444, -81.836218, 161, 16.03
